-0.6570436 -0.9324484 4.902965 -0.5822482 -0.62563115 -0.9895455 -0.4430443 -0.8896579 0.0
-0.9821466 -1.0474755 -0.8306131 0.1789381 -1.2541747 -1.1374917 -0.89869714 6.0005326 0.0
-0.61864763 -0.8438108 -0.52045655 -0.25794944 -0.7133507 -0.72589695 -0.1605135 4.441235 -0.92619044
-0.59681356 -0.63782686 4.7528324 -0.6077323 -0.51325774 -0.7396907 -0.50233907 -0.7001773 -0.75191885
-0.3979783 -0.3296612 3.727965 -0.31573284 -0.48305365 -0.58597463 -0.46844724 -0.66044825 -0.26856738
-0.9809785 -1.2665843 -0.67671555 5.780555 -0.93174374 -1.0530283 -0.8558647 -0.12275695 0.0
0.060394492 -0.3495087 -0.40900576 -0.3444226 -0.23908809 -0.55149263 2.361408 -0.31124634 0.6843245
-0.6903424 -0.6210402 -0.56154895 -0.37720492 -0.3864007 -0.4832241 -0.47515053 3.7420866 -0.46375996
-0.21522991 -0.4441037 -0.63754267 0.018155193 -0.36514378 -0.4260863 -0.46806064 -0.40781584 2.9253561
-0.901849 -0.8274318 -0.60634357 5.6869073 -1.0361186 -0.9801384 -0.84307337 -0.53950113 0.0
-0.4904849 -0.38655373 -0.436902 -0.36492524 -0.2451163 -0.36779118 -0.3845468 -0.41669118 3.103628
-0.31297082 -0.39893323 -0.3641028 -0.5024424 -0.34489632 -0.4449057 -0.47936505 -0.47408548 3.3074143
-0.37022504 -0.32221708 -0.5489806 -0.45765674 -0.4717254 -0.34025842 -0.5209494 -0.54899484 3.518507
-0.7775974 -0.94489425 -0.60275793 0.24671854 -0.8769619 -1.0239103 4.479989 -0.56156623 0.0
-0.35867575 -0.33913776 -0.48875833 -0.6572422 -0.21119957 -0.34647512 -0.3392542 -0.57208073 3.4171627
-0.444611 -0.3794232 -0.39733917 -0.56325823 -0.2899689 -0.45716262 -0.2871187 -0.5581437 3.3719933
-0.43065643 -0.4845969 -0.4430285 -0.5888737 -0.34357923 -0.43692538 -0.3899609 -0.4630887 3.5612907
-0.23486541 0.09208302 3.6091945 -0.5456769 -0.8918819 -0.80238837 -0.7421527 -0.6831094 0.0
-0.2734371 -0.36751038 -0.397593 -0.62337846 -0.36216742 -0.49860534 -0.41482294 -0.6498188 3.5542686
-0.33470717 -0.2936796 -0.47887433 -0.50167865 -0.24994637 -0.38317242 -0.4978944 -0.7644223 3.4952037
-0.5254713 -0.23614833 -0.2502798 -0.6923998 -0.13849643 -0.34076118 -0.5166716 -0.7043779 3.4159677
0.041644365 0.20434384 1.7985508 -0.5921513 1.7360029 1.1956457 -0.6852085 -0.8646123 0.0
