-0.41206777 5.277529 -0.7644288 -0.9937898 -0.56508464 -0.32246932 -1.2374858 -1.0910383 0.0
-1.1504976 -0.82811266 -0.9660347 6.0087547 -0.89825505 -0.9605316 -0.61061835 -0.55212414 0.0
-0.57879865 -0.39631656 -0.62995976 -0.78780335 -0.5378109 -0.47230107 -0.6824005 -1.0235801 5.0902495
-0.47069615 -0.4493632 -0.7763519 -0.77767736 -0.56707287 -0.42357874 -0.716812 -0.90788823 5.026397
-0.67199785 -0.40393502 -0.6265608 -0.70060945 -0.6107106 -0.37023032 -0.8191049 -0.866444 5.055937
-1.2009664 -1.1387413 -0.8154426 6.185624 -0.7771393 -1.0172808 -0.83056986 -0.4765492 0.0
-0.4571643 -0.5010908 -0.7465433 -0.61453044 -0.3560333 -0.5475153 -0.7174979 -0.68673533 4.726351
-0.43238005 -0.49175408 -0.73019993 -0.66207516 -0.39234725 -0.40821195 -0.7396087 -0.7589348 4.632
-0.43228352 -0.4443445 -0.69417864 -0.65052515 -0.40418762 -0.48249146 -0.9714716 -0.8233053 4.8701105
-0.94376385 -0.9749224 -0.74837166 6.056155 -0.9171448 -0.94793963 -1.0679706 -0.5052996 0.0
-0.77782065 -0.41339353 -0.66082186 -0.7485576 -0.5635163 -0.36151686 -0.74309766 -0.7385521 5.061824
-0.72656304 -0.3762099 -0.7664097 -0.5995479 -0.62377006 -0.5037254 -0.6262986 -0.79973555 5.089506
-0.5470905 -0.40847445 -0.72114456 -0.5587778 -0.81267035 -0.4248557 -0.66357034 -0.8693871 5.083187
-0.85467446 5.7122893 -0.8100113 -0.89028734 -0.5409952 -1.1051143 -1.0369503 -0.7520901 0.0
-0.61357874 -0.5712353 -0.6266551 -0.8359562 -0.5635145 -0.65186524 -0.5348627 -0.87496215 5.3217707
-0.64909786 -0.6758367 -0.5285464 -1.0128213 -0.32924804 -0.62067306 -0.68110794 -0.83505774 5.36167
-0.5348532 -0.60297245 -0.7219558 -0.68977654 -0.59830946 -0.58272684 -0.7906935 -0.7080188 5.2946863
-0.3807625 -0.6971944 5.186137 -0.78899634 -0.8221676 -0.8526768 -0.43000922 -1.2051008 0.0
-0.62163216 -0.4366263 -0.536161 -0.9524001 -0.5704313 -0.62988526 -0.6233822 -1.0657591 5.4655833
-0.65373677 -0.57873964 -0.74058276 -0.8127602 -0.6289918 -0.49973 -0.6376128 -0.9820167 5.5076256
-0.49248317 -0.6953445 -0.48949364 -0.93098223 -0.44246182 -0.67814267 -0.6249863 -1.030305 5.4536614
-0.661832 5.419062 -0.75608855 -1.0224394 -0.71089685 -0.31935954 -0.86943513 -1.1249816 0.0
