-0.5236923 -0.43950278 -0.35632464 -0.9234718 4.9064198 -0.7513028 -0.75572354 -1.0377719 0.0
-1.0025722 -1.1725272 -0.65017724 6.1897626 -0.9058443 -0.93860155 -0.989117 -0.53036445 0.0
-0.55000156 -0.2865533 -0.54107136 -0.7237989 -0.46221173 -0.40155336 -0.75098956 -0.83412147 4.6400084
-0.5017679 -0.38634863 -0.7212398 -0.67431325 -0.43406177 -0.41731167 -0.53639627 -0.9799471 4.6451488
-0.48341045 -0.4330834 -0.4349604 -0.74264586 -0.44512063 -0.3832893 -0.62648714 -0.97469914 4.6288905
-1.0793194 -1.0619227 -0.85578907 6.1840944 -1.0081246 -1.0754565 -0.6994405 -0.5336677 0.0
-0.42735898 -0.60889333 -0.7242432 -0.51345545 -0.39069358 -0.43040296 -0.8799806 -0.65109664 4.502952
-0.38069326 -0.4046 -0.63717556 -0.66876936 -0.40096676 -0.40115255 -0.72553796 -0.71021 4.3050547
-0.36272871 -0.45339766 -0.75715876 -0.68843627 -0.4379165 -0.43684524 -0.58903503 -0.81043 4.4704313
-0.8858885 -1.1360114 -0.82792926 6.041504 -0.931067 -0.86557 -0.6012975 -0.79514503 0.0
-0.64411455 -0.52887315 -0.5834869 -0.74067277 -0.5985768 -0.3726849 -0.6170053 -0.6889078 4.6903324
-0.62056196 -0.36277205 -0.7919675 -0.7188053 -0.5958384 -0.42886385 -0.5426723 -0.7500253 4.8181677
-0.43425155 -0.44211543 -0.7530017 -0.62543017 -0.5767342 -0.38130477 -0.6768862 -0.7509506 4.674884
4.867449 -0.45555732 -0.7229306 -0.69541323 -0.73020107 -0.80136526 -0.92845005 -0.37072456 0.0
-0.5438355 -0.43673742 -0.69899666 -0.7584557 -0.5209581 -0.6443844 -0.5020095 -0.8143505 4.9527473
-0.5468563 -0.5948017 -0.5379025 -0.8014164 -0.37525892 -0.5700951 -0.6016978 -0.741734 4.865671
-0.5614369 -0.56975913 -0.6682042 -0.72205013 -0.5681013 -0.575322 -0.6090844 -0.67274135 4.9460187
-0.47369418 0.2918719 4.4891796 -1.0400078 -0.74730223 -0.7982502 -0.4045043 -1.0042226 0.0
-0.46039015 -0.39690363 -0.5248827 -0.8480347 -0.530675 -0.6437114 -0.52299106 -0.9388315 4.990826
-0.58745813 -0.363467 -0.67303616 -0.8847755 -0.45788 -0.412779 -0.6141658 -0.8877796 4.9939356
-0.44317463 -0.6137943 -0.476444 -0.9441572 -0.4698989 -0.56230116 -0.5372033 -0.9167415 5.01675
-0.55480415 0.06547106 -0.80649394 -0.9573084 -0.65575325 4.6688466 -0.625364 -0.98756725 0.0
