-0.6192752 -0.95955527 1.5161837 1.5076591 -1.1164787 -1.1247777 0.42475107 0.33812568 0.0
-1.379926 -1.3349234 -0.5871399 4.144281 -1.4453166 -1.6139891 -0.8303374 2.323077 0.0
-0.5077922 -0.67230225 0.3485442 3.2612424 -0.5946848 -0.9881864 -0.22746707 0.5059016 -1.0326954
-0.85676676 -0.7132188 -0.4179514 -0.11236655 -0.44527116 -0.74369854 -0.30397868 4.0525665 -0.84151304
-0.5536685 -0.66657436 0.41082215 3.2752352 -0.68946475 -0.83303875 -0.536168 0.3092558 -0.66024256
-1.4256468 -1.5629241 -0.80421805 2.540235 -1.2451708 -1.1474913 -0.45975614 3.773756 0.0
-0.34032145 -0.8185398 0.028796693 0.9329128 -0.37524545 -0.540769 -0.22543478 1.6169139 -0.44230562
-0.6563798 -0.5246898 -0.46270272 0.3818224 -0.23024744 -0.3999832 0.086523 2.2044194 -0.3251733
-0.34675395 -0.21058829 -0.600512 0.08267609 0.7868666 -0.27140552 0.28824294 0.53841966 -0.07347822
-0.94153905 -1.0599941 -0.6660726 4.864086 -0.9462362 -1.0490034 -0.5937806 -0.13277254 0.0
-0.2936026 -0.08214362 -0.1351135 0.25460413 0.42432177 -0.26437396 0.23331444 -0.39562 0.07360581
-0.7508346 -0.38631827 0.065273635 1.5964833 -0.35638133 -0.27598706 0.3782599 -0.1918641 -0.12818025
0.17615166 0.29678372 0.35055336 -0.43643036 -0.17095739 0.25500578 -0.25757387 0.17147858 0.22619516
-0.26784813 -1.01138 -0.7739063 4.236438 -0.970063 -1.0359768 -0.39406204 -0.41499376 0.0
0.16760913 -0.25739232 -0.11291621 0.2706953 0.44995254 0.24915399 -0.64138657 -0.38047898 0.22010781
-0.20701355 -0.078453526 0.49408805 -0.4915691 0.08405435 -0.111894354 -0.4190397 -0.064754836 0.7936504
-0.17012645 0.6004741 0.2032664 -0.6861467 0.38732067 -0.63974684 -0.20349246 -0.36986244 0.9251045
-0.17613323 -1.0948395 0.6896348 1.0532821 -0.46760076 -0.28268847 -0.072949454 0.71525663 0.0
0.09511561 0.2385648 -0.06146346 -0.95689744 0.3530624 0.54146826 0.08727347 -0.5756356 0.30941182
0.31020445 1.9507987 -0.45365736 -0.66604716 -0.05120866 -0.38463572 -0.44546762 -0.47779882 0.2765324
0.5737984 -0.05996909 0.07846919 -0.7551907 0.32058504 -0.00536205 -0.27494466 -0.5191363 0.70186377
0.87910885 0.29161242 -0.74188817 -1.0916711 -0.49083763 1.2415274 0.678989 -0.35464752 0.0
