-0.8318273 5.613136 -0.698028 -1.1154122 -0.60725415 -0.39256793 -1.076713 -0.95391214 0.0
-0.9821221 -1.0580322 -0.8097084 -0.14244367 -1.1454501 -0.8953672 -0.8063274 5.9944253 0.0
-0.90581936 -0.028177815 -0.54244554 -0.8087358 -0.5993824 -0.15608457 -0.86896574 -1.2388248 5.140705
-0.5218817 -0.12011501 -1.1361492 -0.6867317 -0.89390093 -0.17189413 -0.7805387 -0.70880634 5.041811
-0.8513387 -0.1466549 -0.5277135 -0.8070773 -0.6758979 -0.05508166 -1.1385529 -1.027128 5.214677
-0.9969689 0.08017988 -1.0145925 -0.5737551 -0.6795081 -0.76321566 -1.1929715 5.899481 0.0
-0.22797112 -0.1977293 -1.267157 -0.8319274 -0.18965687 -0.1656754 -1.1842692 -1.0004319 4.848874
5.388485 -0.40580168 -1.1034454 -0.8726126 -0.44293374 -0.42857355 -1.0011041 -1.0070596 -0.2589799
-0.111065164 -0.19491546 -1.0034478 -0.89686 -0.21103784 -0.15626253 -1.2006031 -1.0569578 4.8028464
-0.92724246 -0.6472083 -0.9699904 -0.70453405 -0.977094 5.9675684 -0.90261126 -0.8218355 0.0
-0.8881036 -0.17598417 -0.5915115 -0.86778796 -0.7490751 -0.11518962 -1.0055345 -0.8876687 5.2936797
-0.8862757 -0.1587423 -1.0254055 -0.70396805 -0.6589953 -0.109734684 -0.71513146 -1.252927 5.434579
-0.538572 -0.103583686 -1.0840852 -0.65068597 -0.85344815 -0.22821938 -0.6892816 -1.086156 5.2636867
-0.6302357 5.867812 -0.8693051 -1.0496224 -0.65658194 -0.72126603 -1.0862975 -0.8092799 0.0
-0.71865267 -0.49615887 -0.66235626 -0.8500167 -0.6825395 -0.8620366 -0.46872613 -1.070338 5.78541
-0.51417786 -0.82892835 -0.49068594 -1.0254214 -0.43209565 -0.5542482 -0.8469481 -1.0773711 5.75734
-0.4044412 -0.7898365 -0.9249633 -0.71713465 -0.8405781 -0.51852494 -0.8538619 -0.7180152 5.7282877
-0.6006156 5.9497623 -0.6795644 -1.0116652 -0.6880458 -0.90032345 -0.7729956 -1.2794043 0.0
-0.60544586 -0.3731608 -0.47595838 -1.1224264 -0.68849266 -0.83748716 -0.6167213 -1.1739746 6.0259423
-0.71375495 -0.51268554 -0.98625183 -0.9395556 -0.67727655 -0.48860285 -0.63249624 -1.1705089 5.9971175
-0.42166984 -0.7721216 -0.3983256 -1.2101789 -0.3609224 -0.842205 -0.74159324 -1.2199861 5.99878
-0.7059593 -0.24364173 -0.9106781 -0.79395276 -0.82950944 5.9538236 -1.1303581 -1.3393899 0.0
