-0.6542955 5.2613654 -0.60026675 -0.9392333 -0.7029164 -0.53453493 -0.9197178 -1.0393641 0.0
-1.011752 -1.0982811 -0.82117355 6.139228 -1.1589463 -1.1910305 -0.37085554 -0.6791826 0.0
-0.5670766 -0.34966648 -0.4755428 -0.77903193 -0.47525066 -0.45620346 -0.73600477 -0.9586454 4.838619
-0.5083681 -0.2789552 -0.7636878 -0.7514523 -0.55444825 -0.3518926 -0.63745576 -0.85515124 4.741183
-0.6148331 -0.35929912 -0.46688703 -0.8580468 -0.49628088 -0.36797795 -0.7652593 -0.93591577 4.8489914
-0.9331833 -0.9058001 -0.7713845 -0.70066005 -0.9892981 -0.9093649 -1.1027496 6.248532 0.0
-0.37739283 -0.4344836 -0.91415316 -0.6777735 -0.3241018 -0.4219457 -0.7852508 -0.6500428 4.58972
-0.35161963 -0.4718006 -0.7964123 -0.58195865 -0.23932496 -0.4151821 -0.74888575 -0.69204 4.370761
-0.36337814 -0.43825614 -0.71080506 -0.7629531 -0.35480806 -0.38539457 -0.7312185 -0.85938805 4.6214275
-0.76263815 -1.0141935 -0.89255494 6.019638 -1.0889019 -1.0756986 -0.936206 -0.49978167 0.0
-0.67318875 -0.47329983 -0.6347132 -0.73408395 -0.57688475 -0.30229998 -0.7333437 -0.74483335 4.831216
-0.66854155 -0.3963502 -0.68409854 -0.5030738 -0.61783904 -0.3839403 -0.597431 -1.0490748 4.8874507
-0.54219663 -0.3790431 -0.79914135 -0.639102 -0.80624753 -0.3353334 -0.68963087 -0.90899867 4.964459
-0.60403764 5.127078 -0.7120506 -0.8839339 -0.4919972 -1.1509959 -0.8817956 -0.4140571 0.0
-0.49043858 -0.5202182 -0.68248755 -0.8412368 -0.53147626 -0.5770574 -0.5435202 -0.86663514 5.0864472
-0.48517427 -0.63049513 -0.49676117 -0.9220052 -0.49948862 -0.5109487 -0.8214223 -0.8247989 5.14854
-0.43592438 -0.64460695 -0.72424346 -0.66506034 -0.71711993 -0.57299054 -0.71373856 -0.6695135 5.136715
-0.9001233 -0.5202534 -0.30233368 -0.8483205 -0.74318314 -0.7577592 5.0857997 -0.9374446 0.0
-0.62804615 -0.4714878 -0.4112871 -0.76301557 -0.62679476 -0.70760244 -0.63272226 -1.0185091 5.2029986
-0.5431712 -0.52006304 -0.7349198 -0.7793165 -0.60088885 -0.4470328 -0.53860605 -1.1363487 5.288796
-0.46006253 -0.66120076 -0.51650655 -0.8907115 -0.3942163 -0.7279819 -0.6062057 -1.0342294 5.243483
-0.68108267 5.1999683 -0.80861837 -0.9049571 -0.5770446 -0.26770607 -0.91684043 -1.0689836 0.0
