-0.831252 -0.839093 -0.520845 4.4500713 -0.41633192 -0.6825331 -0.4593823 -0.51215667 0.0
-1.5417252 -1.5751687 -1.3089086 3.9593306 -1.531559 -1.7658123 -1.3264879 5.039432 0.0
-0.7126433 -0.8318719 -0.7485247 -0.5607364 -0.6491238 -0.5709974 -0.5897353 5.082663 -0.71620256
-0.5656972 -0.67957455 -0.6985516 4.970342 -0.75560397 -0.50431603 -0.6242685 -0.5307019 -0.60096866
-0.64942193 -0.38536695 -0.6307175 -0.6417285 -0.53541166 -0.5687087 -0.7608416 4.6957192 -0.7289759
-0.83380944 -1.135935 -0.7790481 -0.3735819 -1.1327742 -0.97161645 -0.44999647 5.988497 0.0
0.20575574 0.2205113 -0.95965475 -0.26699942 1.3372428 0.57627547 -1.0214458 -0.5525991 0.577938
0.29559 0.24552391 -0.904363 -0.5506679 1.5793073 0.25977042 -0.79252017 -0.6324329 0.43769953
-0.18186581 -0.00978383 -0.61026424 -0.6245185 2.8121405 -0.03022162 -0.7699838 -0.6495611 0.09044854
-0.70275295 -1.3176832 -0.8123777 -0.5127617 -0.924157 -0.99232507 -0.76156294 5.813901 0.0
-0.5799136 2.5421813 -0.23889238 -0.5530823 -0.3167665 0.14641902 -0.57538754 -0.6754649 0.31174463
-0.62259257 2.6940389 -0.60760164 -0.27146992 -0.467543 0.26040486 -0.43524873 -0.8780592 0.2579718
-0.26739034 2.6672862 -0.6814241 -0.38427082 -0.56805384 0.21571131 -0.42933616 -0.7108109 0.22766615
-0.7113583 -0.8537207 -0.55603015 -0.49918005 -0.95982385 -0.9476055 -0.6369225 5.1052337 0.0
-0.44684672 -0.23442037 -0.42266232 -0.6054456 -0.38546464 -0.44435027 -0.3340146 -0.7303121 3.5662293
-0.16824286 -0.54620916 -0.26502788 -0.727852 -0.22608753 -0.30847844 -0.5706284 -0.5993963 3.442851
-0.23415226 -0.5025777 -0.52800035 -0.44816795 -0.5334711 -0.21639751 -0.498877 -0.40888438 3.308074
-0.63578904 -0.4023838 -0.41113567 -0.59397113 -0.54979855 -0.78298026 4.0965195 -0.65656286 0.0
-0.3630542 -0.20481052 -0.17475401 -0.70677847 -0.34502196 -0.50499964 -0.4294865 -0.7740325 3.6079192
-0.4531016 -0.23445003 -0.5654852 -0.51373494 -0.48265418 -0.22210276 -0.38619974 -0.8671244 3.6813197
-0.11350373 -0.5413382 -0.26681325 -0.694874 -0.20683147 -0.5082238 -0.3420506 -0.8259476 3.5858579
-0.80097455 -0.43677264 -0.4971475 -0.63642704 -0.36939606 4.1311326 -0.5636153 -0.69721305 0.0
