-0.6838643 -0.5363848 4.7419105 -0.6674595 -0.73802215 -0.88247126 -0.4941949 -0.620438 0.0
-1.0942659 -1.1058805 -0.8553947 -0.36945754 -0.99571675 -1.14296 -0.8282904 6.3002443 0.0
-0.50545466 -0.48113734 4.9602075 -0.43348092 -0.615572 -0.8308611 -0.7671891 -0.79431385 -0.7326861
-0.69377756 -0.65857655 -0.80066794 -0.6360563 -0.48843807 -0.46651164 -0.62112385 4.834618 -0.6640207
-0.57594043 -0.053275816 -0.30531666 -0.6479188 -0.41469222 -0.16289108 -0.65478003 -0.9213772 3.832301
-1.0543197 -0.9650651 -0.8112355 -0.5040679 -0.9977697 -1.089293 -0.62306166 6.0797524 0.0
-0.16460179 -0.5137649 -0.79049337 -0.46299973 3.9882464 -0.52936184 -0.8879738 -0.5876934 -0.06463286
-0.15374136 -0.07219948 -0.8828009 -0.5040146 3.419801 -0.29050657 -0.7485742 -0.7657493 0.042101678
-0.044276867 -0.15718725 -0.70350623 -0.6375822 -0.21473116 -0.2394022 -0.6981012 -0.81963134 3.487342
-0.8418438 -1.0206664 -0.6164187 5.964625 -0.79469 -1.1279885 -0.8015137 -0.8057712 0.0
-0.6064124 -0.12565334 -0.46471483 -0.59316814 -0.5152513 -0.12426791 -0.7201341 -0.6900403 3.8735921
-0.60218215 -0.19079365 -0.70279187 -0.5081913 -0.49193606 -0.19985017 -0.44252864 -0.83678883 3.9537544
-0.37798476 -0.21325968 -0.8234786 -0.55098325 -0.67709255 -0.23092753 -0.52588266 -0.7197451 4.0188265
-0.7771634 -0.98242915 -0.66464484 -0.53112763 -0.6113927 -1.0770161 -0.48566222 5.0192313 0.0
-0.49415815 -0.27681118 -0.5483003 -0.7393503 -0.50348413 -0.58406126 -0.38971752 -0.7516177 4.301819
-0.3173259 -0.55306464 -0.39885694 -0.821606 -0.4333521 -0.4414734 -0.6702892 -0.73676544 4.297632
-0.30857885 -0.47244576 -0.6147831 -0.60324204 -0.6171271 -0.34374604 -0.4964294 -0.53484964 4.1501975
-0.4937911 -0.25669655 4.165996 -0.6176918 -0.48896575 -0.76550424 -0.3909168 -0.98743564 0.0
-0.51847124 -0.3422663 -0.33809465 -0.72690845 -0.52273303 -0.6117725 -0.48341152 -0.8563322 4.4524193
-0.57979125 -0.32116243 -0.57762796 -0.66918415 -0.4987781 -0.43398777 -0.42231214 -1.01985 4.4783535
-0.31434092 -0.6169018 -0.31851625 -0.83935976 -0.41272143 -0.48211423 -0.5397977 -0.9518695 4.438018
-0.66156584 4.579851 -0.7569516 -0.70657223 -0.51643133 -0.07830398 -0.8135532 -1.1369635 0.0
