-0.64504516 5.3306675 -0.804645 -0.9806704 -0.6335117 -0.4246998 -0.7022764 -1.0564265 0.0
-0.90546244 -0.7839996 -0.86300343 6.175593 -1.1113815 -0.8533143 -1.2729137 -0.33364594 0.0
-0.78154117 -0.12029573 -0.5474707 -0.8800398 -0.61877626 -0.06282277 -0.913452 -1.1353635 5.0766478
-0.65966964 5.7632585 -0.990053 -0.6798369 -0.8392338 -0.25652617 -0.69073504 -0.758313 -0.7755252
-0.8811322 -0.13522983 -0.62171394 -0.80601686 -0.7070958 -0.04502568 -0.9766454 -1.0949786 5.1865745
-0.808202 -0.84580266 -1.0113212 -0.5562692 -0.9753388 -0.84686744 -1.1145537 6.122118 0.0
-0.20168906 -0.13368282 -1.3350052 -0.88922894 -0.13612099 -0.13246268 -1.2353969 -0.84785014 4.7674937
-0.42814568 -0.4319263 -1.1232414 -0.86305636 5.3860283 -0.41873568 -0.89684415 -0.9488668 -0.45318443
-0.10081365 -0.12560181 -1.1494453 -1.0097696 -0.073009424 -0.08509082 -1.0745167 -1.250367 4.8498073
-0.91500276 -0.7098041 -1.0424052 -0.6693323 -0.8634797 5.8353467 -1.0102518 -0.47558168 0.0
-0.9364226 -0.1546023 -0.55972224 -0.9985362 -0.7057415 -0.1451456 -0.98194784 -0.90952635 5.3312845
-0.8085691 -0.11148273 -1.0737654 -0.7452087 -0.66047615 -0.026707312 -0.6413037 -1.1524742 5.276206
-0.4930925 -0.08122662 -0.93066293 -0.6613349 -0.8890952 -0.16106102 -0.6361182 -1.1625977 5.1735697
-0.61363477 5.726211 -1.0266392 -0.8579885 -0.67435247 -0.9387355 -0.97327495 -0.47623134 0.0
-0.68964976 -0.5196137 -0.6412093 -1.0740075 -0.6319021 -0.83895606 -0.6248123 -1.0127256 5.907072
-0.4402177 -0.67804766 -0.47559085 -1.0315387 -0.49744818 -0.5846357 -0.8730983 -1.0608635 5.67674
-0.41357195 -0.7380242 -0.90419984 -0.6979336 -0.9380406 -0.57228404 -0.68483853 -0.6323601 5.613869
-0.66936857 5.7024245 -0.58069694 -1.1808023 -0.601501 -0.9854143 -0.40011084 -1.1206726 0.0
-0.60813737 -0.3750753 -0.4703645 -0.9915115 -0.56262934 -0.76236665 -0.64437884 -1.1516179 5.8550057
-0.7798246 -0.38322222 -0.9229999 -0.8247389 -0.79746515 -0.44838217 -0.7156287 -1.0722026 5.940171
-0.48636287 -0.77167773 -0.42457205 -1.0304136 -0.5170542 -0.82377964 -0.67734635 -1.1989005 5.896632
-0.8401117 -0.37123185 -0.92833155 -0.78516763 -0.7711077 5.8906326 -1.0222065 -1.2087784 0.0
