-0.7574684 -0.39474687 4.128619 -0.5848301 -0.54268533 -0.3768521 -0.8882643 -0.6244947 0.0
-1.1275972 -1.139529 -0.81758213 6.454028 -1.092368 -1.1193539 -0.8743104 -0.4495889 0.0
-0.719783 -0.4072091 -0.5910051 4.8805113 -0.57445735 -0.6369501 -0.59150916 -0.72962695 -0.3829456
-0.7979518 -0.7186307 -0.78545755 -0.50934476 -0.61856186 -0.64163655 -0.7264745 5.314426 -0.5391433
-0.7012237 3.82298 -0.35868457 -0.57599324 -0.24199432 -0.19431205 -0.7346505 -0.74215454 -0.14718527
-1.1298555 -1.041179 -0.90048707 -0.38341805 -0.76923686 -1.0811085 -0.8280886 6.1674 0.0
-0.024833504 -0.070987485 -1.0175219 -0.4669377 3.2888541 -0.052036628 -0.9493073 -0.5643662 -0.08247195
-0.19191705 -0.23464292 -0.9021413 -0.61468446 3.6183653 -0.24054615 -0.85262644 -0.60882354 -0.03929235
-0.13704406 -0.09668172 -0.81697685 -0.6595407 3.5416195 -0.18393338 -0.8379115 -0.80965716 -0.10214943
-0.9588012 -0.786235 -0.6670775 5.9265904 -0.9221484 -1.1034127 -0.89372206 -0.6162589 0.0
-0.69126314 3.715501 -0.3356062 -0.7511072 -0.4865701 -0.0012964857 -0.7599752 -0.8150549 0.14556196
-0.73707974 3.787165 -0.7566854 -0.4426181 -0.53019524 0.055901926 -0.51906294 -1.0129756 0.074332274
-0.37618133 3.7684104 -0.7996314 -0.5231811 -0.79046845 -0.028036231 -0.5264601 -0.9324738 0.055745866
-0.6556105 -0.7041818 -0.8505956 -0.9076924 -0.58696216 -0.8857768 -0.84070957 5.12742 0.0
-0.60949486 -0.2699731 -0.5435728 -0.67842174 -0.5595613 -0.66293514 -0.36796966 -0.83794665 4.4172616
-0.25685033 -0.5829617 -0.36326104 -0.87201107 -0.33703956 -0.38376862 -0.73639196 -0.7518306 4.286194
-0.30476126 -0.50515735 -0.69024205 -0.6409223 -0.626298 -0.35778162 -0.51112944 -0.4845968 4.164639
-0.6381329 4.6261835 -0.30878487 -0.75859743 -0.747393 -0.864806 -0.35564506 -1.1603028 0.0
-0.5353346 -0.27688438 -0.29920536 -0.87635964 -0.502128 -0.56400466 -0.5553624 -0.99403274 4.5708447
-0.59381956 -0.29363292 -0.6672106 -0.5850572 -0.5681706 -0.293582 -0.42026034 -1.0264974 4.4934616
-0.23979177 -0.54519516 -0.32503673 -0.8975762 -0.35516044 -0.660141 -0.48462605 -0.98474586 4.4759254
-0.61705285 -0.043097723 -0.81069356 -0.49944538 -0.5797229 4.4654927 -0.81275946 -1.0194589 0.0
