-0.65105426 4.9069777 -0.7182234 -0.7969371 -0.52115905 -0.43711686 -0.84275556 -0.8568407 0.0
-0.8944477 -1.2167085 -0.9294038 6.1069965 -1.2726994 -0.79228157 -0.8034294 0.8582039 0.0
-0.8350272 -0.18342283 -0.47488785 -0.6291783 -0.79433286 5.1010003 -0.83352846 -1.0177572 -0.2996125
-0.72463435 5.179996 -0.8364677 -0.59421784 -0.70371926 -0.5054386 -0.8356355 -0.56895167 -0.3870759
-0.72703826 -0.16879389 -0.47783402 -0.8318032 -0.5959901 -0.11787957 -0.863918 -0.9963529 4.8322964
-1.0553282 -1.1708483 -0.8151938 -0.4690167 -0.93444186 -1.0300057 -1.0473706 6.3308444 0.0
-0.2985978 -0.18663761 -1.1556817 -0.8241789 0.08732623 -0.19567318 -1.033656 -0.79045707 4.407114
-0.13247927 -0.12976317 -1.124441 -0.7429056 -0.075398974 -0.20403944 -1.002561 -1.0434159 4.417427
-0.18523028 -0.058242314 -1.029413 -0.7598698 -0.05188472 -0.19990182 -1.0599852 -1.1053702 4.5055504
-0.912249 -0.7267052 -0.71613854 -0.61867785 -0.8581522 -0.93652344 -0.97288 5.768621 0.0
-0.7320201 -0.16759 -0.5823675 -0.8769885 -0.6949922 -0.17355613 -0.85351837 -0.86946267 4.931829
-0.67508596 -0.08479957 -0.96942043 -0.640603 -0.6422307 -0.16118117 -0.634104 -1.132079 4.9858203
-0.55568707 -0.14517978 -0.9701835 -0.7132815 -0.9038768 -0.20116104 -0.55404735 -0.89028 4.878513
-0.6395758 5.4331017 -0.9241563 -0.69420016 -0.5291329 -1.2309601 -1.181407 -0.46449488 0.0
-0.6248634 -0.5006512 -0.7083327 -0.8944629 -0.54079956 -0.7712918 -0.49596372 -0.9702726 5.4475145
-0.41476926 -0.7215331 -0.4053044 -1.1037588 -0.44993746 -0.48303938 -0.8333277 -0.87859166 5.342604
-0.50089484 -0.60358864 -0.862164 -0.7391344 -0.7078305 -0.4688715 -0.7805545 -0.58043647 5.2563705
-0.87615275 5.4763155 -0.7768396 -0.6853241 -0.83371115 -0.8652805 -0.43560484 -1.1524864 0.0
-0.6545248 -0.40583724 -0.53166777 -0.9384089 -0.5976323 -0.76200897 -0.59032923 -1.0597234 5.5140777
-0.6059006 -0.38582823 -0.73853207 -0.6503869 -0.64691067 -0.43076673 -0.6541669 -1.1984946 5.4884033
-0.33640015 -0.7199527 -0.38030085 -1.1213435 -0.409131 -0.64735043 -0.6184345 -1.1289954 5.483914
-0.76823425 5.5348725 -0.85282075 -0.74197084 -0.69522434 -0.4667406 -0.9203767 -1.16059 0.0
