-0.5001618 -0.3320534 -0.59259534 -0.9411201 4.285024 -0.48272607 -0.8844907 -0.8367736 0.0
-0.9735151 -0.9898967 -0.7183789 6.222626 -1.1254212 -1.1009022 -0.8058417 -0.19182104 0.0
-0.57326317 -0.7858657 -0.57649815 5.3652544 -0.59237224 -0.6446483 -0.5393546 -0.6850968 -0.9182822
-0.6144756 -0.69674414 -0.8029937 -0.8154797 -0.7543232 -0.63816196 -0.81850797 5.227615 -0.46280554
-0.6968289 -0.14231423 -0.42857054 -0.6112928 -0.4224234 -0.17912269 -0.6863604 -0.92009157 3.9853802
-0.9320427 -1.2111356 -0.74570745 -0.528331 -0.94578093 -1.0835527 -0.7588962 6.1923237 0.0
-0.14558372 -0.20280454 -0.94903016 -0.5471804 -0.11439656 -0.16723408 -0.82856995 -0.70537704 3.5392919
-0.3447035 -0.23892961 -0.7419691 -0.6562118 3.693227 -0.20390484 -0.817184 -0.6445941 -0.07216171
-0.11145543 -0.11619949 -0.85915726 -0.61210203 -0.09610357 -0.20135507 -0.74762243 -0.78398436 3.5731368
-0.96813685 -0.943012 -0.6644397 5.9445996 -0.8633958 -1.146653 -0.82928085 -0.5878645 0.0
-0.57614315 -0.19694553 -0.52307236 -0.7519272 -0.45336643 -0.11327748 -0.6985498 -0.6589777 3.9900808
-0.7058884 -0.17686719 -0.70929664 -0.48050764 -0.36861295 -0.119278155 -0.45890442 -0.91739285 3.9664092
-0.37977922 -0.21157765 -0.78476346 -0.5243625 -0.6530293 -0.23759358 -0.47304752 -0.7562839 3.994975
-0.6261327 -0.54296154 -0.5491343 -0.659854 -0.8730476 -0.9156523 -0.7688901 5.141099 0.0
-0.6132738 -0.29209334 -0.5228967 -0.7086595 -0.4899828 -0.6732615 -0.38745493 -0.75218064 4.388705
-0.36473566 -0.61042666 -0.44813195 -0.84909636 -0.288827 -0.43303648 -0.62778693 -0.74425066 4.387568
-0.35434288 -0.6039401 -0.6580702 -0.5540654 -0.5822493 -0.4280411 -0.6096006 -0.50318605 4.2839947
-0.64188343 -0.2693393 -0.49116424 -0.8678154 -0.7170744 -0.76795423 4.7603345 -1.0257351 0.0
-0.50558674 -0.34164295 -0.34665903 -0.85294056 -0.5348097 -0.62031466 -0.46594515 -0.8988602 4.5454116
-0.5405148 -0.36330488 -0.67239106 -0.6341594 -0.5342227 -0.31551832 -0.48032045 -1.0038447 4.5558643
-0.32993445 -0.5885829 -0.39842653 -0.7877824 -0.33267727 -0.56641716 -0.5593761 -0.9706914 4.4996257
-0.5744798 -0.0916411 -0.69165236 -0.4842889 -0.7853572 4.5872326 -0.7482893 -1.204815 0.0
