4.250902 -0.47224253 -0.31426552 -0.74778783 -0.5867671 -0.7777471 -0.6609971 -0.6838264 0.0
-1.0050108 -1.2832649 -0.7177915 6.363849 -0.893034 -1.1128039 -0.7328959 -0.5714155 0.0
-0.35345316 -0.8712012 -0.5641506 5.141367 -0.5785176 -0.6646312 -0.7876044 -0.6152352 -0.8003978
-0.5642808 -0.65270793 4.045615 -0.29771188 -0.43991265 -0.64268315 -0.53223985 -0.5470129 -0.5345717
-0.35930622 -0.4763897 3.8879943 -0.28302157 -0.5729273 -0.45292234 -0.49407682 -0.7248727 -0.43097588
-1.0483189 -0.8929598 -0.65424293 6.10899 -1.0886698 -1.2373483 -0.6593378 -0.72839034 0.0
-0.26726207 -0.5046883 -0.32443136 -0.29814047 -0.27359998 -0.48274767 -0.2707658 -0.4204163 2.9695623
-0.5791479 -0.72630477 -0.39534155 -0.3465906 -0.7863881 -0.46601918 -0.78911805 4.1889186 -0.4823029
-0.49306756 -0.5448664 -0.34293967 3.6043706 -0.62636083 -0.6859487 -0.32050076 -0.5443155 -0.15848304
-0.7785849 -1.151069 -0.6546756 6.081494 -0.9212762 -0.99744475 -0.9071859 -0.71342933 0.0
-0.46528623 -0.42744458 -0.47119176 -0.35147116 -0.36215058 -0.3837965 -0.35015404 -0.55965513 3.3262641
-0.20310985 -0.48001996 -0.40952286 -0.50553626 -0.37508023 -0.4563959 -0.5248827 -0.34704176 3.2972214
-0.380722 -0.39472786 -0.48575652 -0.32029125 -0.3141567 -0.41438255 -0.4888639 -0.5129646 3.347408
-0.6179967 -0.8104845 -0.6206141 5.081432 -0.65391123 -0.8241282 -0.69064313 -0.7662039 0.0
-0.35219517 -0.38814253 -0.46306515 -0.50718445 -0.27260557 -0.37485817 -0.3942012 -0.56300306 3.3080807
-0.45680934 -0.40611288 -0.41689733 -0.4858461 -0.39303312 -0.41980577 -0.3782295 -0.4678712 3.4497812
-0.34833384 -0.466316 -0.45670012 -0.4199032 -0.3727744 -0.46046036 -0.470111 -0.48670846 3.4769194
3.4144895 -0.83280706 -0.333065 -0.20044549 -0.64794856 -0.62992465 -0.38426062 -0.5998584 0.0
-0.37785918 -0.38598862 -0.47127244 -0.6490445 -0.39443773 -0.25568503 -0.50713944 -0.594603 3.562725
-0.3533185 -0.34830207 -0.47879857 -0.5544972 -0.3560087 -0.39515758 -0.45151183 -0.65289277 3.5782022
-0.42917886 -0.39352107 -0.49024966 -0.6357378 -0.24301265 -0.3859153 -0.449901 -0.59178704 3.5335352
-0.07737743 3.3904545 -0.4364077 -0.8762839 -0.43302235 -0.31704515 -0.42665815 -0.70725065 0.0
