-0.54512864 6.3082104 -0.8146673 -0.8986409 -0.7777313 -0.6678176 -0.86008716 -1.484338 0.0
6.347962 -1.1260552 -0.71081084 -0.71005636 -0.83229417 -1.1479337 -1.0084178 -0.64602286 0.0
-0.7491324 -0.47989607 -0.63280344 -0.8801527 -0.5778109 -0.67529756 -0.94409937 -0.9984734 5.984239
-0.67935425 -0.428738 -0.79125816 -0.82012385 -0.72259194 -0.4832094 -0.79311347 -1.097848 5.9660196
-0.8730112 -0.5659459 -0.6177245 -0.89488864 -0.66930866 -0.50022167 -0.802398 -1.1469113 6.1044397
-0.5044448 6.014785 -0.8884233 -0.7611776 -0.996618 -1.1199499 -0.69702053 -1.1144394 0.0
-0.6415199 -0.7709763 -0.8526391 -0.7538001 -0.5493698 -0.7639468 -0.8616775 -0.7578834 5.873818
-0.5717556 -0.5733999 -0.8156031 -0.760709 -0.58446044 -0.7512113 -0.7513215 -0.7066133 5.592794
-0.56377006 -0.61765206 -0.7678615 -0.6898427 -0.67781776 -0.71519357 -0.834933 -0.8710092 5.7642817
6.0925813 -0.8276828 -0.760797 -0.7310523 -0.7662022 -0.94634134 -0.8414637 -1.096035 0.0
-0.80942 -0.52248186 -0.710899 -0.91324055 -0.6860827 -0.6935597 -0.72343063 -0.9830206 6.01212
-0.78771436 -0.6412142 -0.7760441 -0.739211 -0.73169744 -0.71140677 -0.77964866 -0.80552715 5.9902887
-0.59475636 -0.6538796 -0.77431786 -0.6963431 -0.73586965 -0.6513168 -0.76978576 -0.9772425 5.970661
-0.9170079 6.1751747 -0.8619971 -0.8318108 -0.60167664 -1.1235905 -0.8733955 -0.8718845 0.0
-0.65173376 -0.53458357 -0.79482716 -0.89831495 -0.63682884 -0.7504327 -0.6217531 -1.050023 6.0578475
-0.8389437 -0.76428986 -0.7247463 -0.98074174 -0.51874405 -0.7008513 -0.7782579 -0.93037766 6.2262015
-0.7550465 -0.76126766 -0.8645828 -0.7961415 -0.7044098 -0.6680432 -0.86156964 -0.77308327 6.2577443
5.9674587 -0.8141298 -0.60270774 -1.2137463 -0.60667604 -0.97015816 -0.74052733 -0.9337674 0.0
-0.74615353 -0.7387267 -0.732783 -1.1120499 -0.64178175 -0.6268845 -0.6859807 -1.2309539 6.3929734
-0.70186555 -0.41563103 -0.8249255 -0.8342417 -0.74996173 -0.571121 -0.8576568 -1.332639 6.3462443
-0.56923395 -0.6891977 -0.68666893 -1.0347393 -0.4989641 -0.91252387 -0.6865363 -1.0994065 6.271453
-0.7080112 5.949357 -0.7443042 -1.0932527 -0.4429455 -0.46205026 -1.0370907 -1.2830482 0.0
