-0.6415174 -0.7497656 4.757929 -0.6060094 -0.77063155 -0.9301057 -0.65480155 -0.540712 0.0
-1.1967777 -1.1450261 -0.8612761 6.192178 -1.2314932 -0.9549685 -0.74464816 0.52301353 0.0
-0.70776856 -0.34371892 4.8111534 -0.6646914 -0.59428114 -0.60386854 -0.67623806 -0.5232432 -0.7435558
-0.76586694 -0.750447 -0.7464241 -0.68719476 -0.81797934 -0.8526411 -0.5067368 5.826201 -0.7674097
-0.6504589 0.04087172 -0.036934726 -0.54733586 -0.3701382 0.35301042 -0.695981 -0.912579 3.2201893
-1.1132593 -1.1347363 -0.84978074 0.50256294 -0.98308384 -0.9146657 -0.8536391 5.853349 0.0
-0.19248368 -0.2736767 -0.7549879 -0.4274592 3.2783568 -0.17696494 -0.6998567 -0.53390145 -0.15721157
-0.0400761 0.1229279 -0.84677386 -0.557478 -0.024229407 -0.11776917 -0.761079 -0.7039522 2.91949
-0.110751145 -0.31387717 -0.6735233 -0.52217263 3.4552078 -0.20627312 -0.68204844 -0.78407633 -0.2884932
-0.9040908 -0.8883898 -0.7678738 -0.6014295 -0.88000685 -1.0391605 -0.9600865 5.8890767 0.0
-0.5914601 -0.066239744 -0.399396 -0.699777 -0.5582631 0.049245454 -0.63658714 -0.5814131 3.4406161
-0.5634292 -0.07937623 -0.72289765 -0.29857102 -0.48796985 -0.08581956 -0.4722309 -0.7653151 3.4569113
-0.3115583 -0.02844079 -0.72234404 -0.56719923 -0.57278347 -0.13440885 -0.4416703 -0.6968212 3.4704256
-0.7727735 -0.92140895 -0.7343915 -0.5505857 -0.5564505 -0.92576885 -0.9548244 5.14586 0.0
-0.49931115 -0.3091622 -0.5346495 -0.6699248 -0.40623766 -0.5370109 -0.3243451 -0.7482881 3.9949903
-0.25755385 -0.56045324 -0.26617417 -0.8277813 -0.28253683 -0.35844725 -0.6188442 -0.6860413 3.913787
-0.29213396 -0.48407903 -0.6460558 -0.48597866 -0.5970323 -0.29571128 -0.60509366 -0.46303496 3.869484
-0.48005393 -0.6296053 -0.5261597 -0.78104526 -0.5701881 -0.98010737 4.602784 -0.89040965 0.0
-0.44614327 -0.29243752 -0.29149812 -0.91411793 -0.4720186 -0.53632104 -0.4314755 -0.92240804 4.2631164
-0.54079217 -0.23398855 -0.6862802 -0.60139847 -0.5177561 -0.3548811 -0.33711305 -0.86373824 4.1336346
-0.27206174 -0.59675187 -0.31303495 -0.81509954 -0.30495173 -0.57154155 -0.41368905 -0.7943733 4.098122
-0.64992195 0.4500815 -0.80003935 -0.70326215 -0.49987298 4.064812 -0.70544344 -1.0406613 0.0
