-0.92089957 5.913023 -0.7515132 -0.8843687 -0.80110013 -0.5449402 -0.980681 -0.9035107 0.0
-1.2049173 0.3203445 -1.293116 -0.4805521 -0.98197436 -0.77848905 -1.1326953 6.065782 0.0
-0.9377921 -0.12745322 -0.5469598 -0.83778965 -0.57068354 -0.2863258 -1.0027184 -1.065361 5.391043
-0.61848253 -0.13677713 -1.0851556 -0.8185217 -0.75735813 -0.054926146 -0.8011581 -0.8871311 5.310945
-0.93625844 -0.0023711151 -0.7747168 -0.756229 -0.69311816 -0.18157713 -0.9467138 -1.1905122 5.5153894
-0.978272 -0.5994461 -1.2336315 -0.86227554 -0.99525285 6.341495 -1.2891006 -0.54376745 0.0
-0.11881202 -0.2006836 -1.3633183 -1.0498911 -0.2453466 -0.16907755 -1.3236008 -0.8285724 5.205765
-0.17880353 -0.15096389 -1.3381515 -0.7922451 -0.0498424 -0.16107205 -1.1727787 -1.2552489 5.082731
-0.2657622 -0.1090995 -1.1951118 -0.917599 -0.1491227 -0.2449458 -1.1701127 -1.1876988 5.210347
-0.87691945 6.2898045 -0.94178474 -0.77559555 -1.0119405 -0.9570016 -0.8829957 -0.8748082 0.0
-1.0043634 -0.17297156 -0.58640265 -0.9096886 -0.779968 -0.10947279 -1.066238 -0.959421 5.6801047
-0.92841953 -0.120535396 -1.0575758 -0.61989707 -0.733439 -0.13296784 -0.6651908 -1.2443691 5.6574936
-0.5500398 -0.15170701 -1.1214538 -0.8377924 -1.0194892 -0.21051243 -0.6656668 -1.1056073 5.63768
-0.70749134 -0.7118597 -1.0157797 -1.0974114 6.2834496 -1.030615 -1.0142901 -0.7278547 0.0
-0.901222 -0.57334095 -0.7693487 -0.98473823 -0.70034546 -0.8118202 -0.53624177 -1.0631945 6.2492647
-0.33870095 -0.8810746 -0.6252409 -0.9727147 -0.54641455 -0.69562083 -0.99872845 -1.0204341 6.062536
-0.40447912 -0.7646193 -0.8329273 -0.8172118 -0.98550105 -0.60770386 -0.7767896 -0.7185177 5.9582825
-0.7825313 6.2954607 -0.6090978 -0.9802306 -1.0399997 -1.1712213 -0.5243117 -1.104271 0.0
-0.7693787 -0.46827817 -0.522596 -1.1125748 -0.83446705 -0.8658935 -0.5659035 -1.2171911 6.311514
-0.76901686 -0.44405496 -0.9384983 -0.98539376 -0.6837587 -0.506353 -0.6186132 -1.278577 6.294102
-0.47636753 -1.0030996 -0.5513772 -1.1599061 -0.40287066 -0.9153055 -0.6664632 -1.250963 6.37509
-0.7533364 6.2317505 -0.89036787 -0.86996096 -0.7589664 -0.4188392 -1.0823091 -1.3721526 0.0
