-0.8039509 -1.000015 5.0763617 -0.6856097 -0.56319505 -0.7986474 -0.69908595 -0.5209654 0.0
-1.1547204 -1.1141998 -0.7543973 6.361148 -1.0987006 -1.1484205 -0.7507602 -0.41254485 0.0
-0.6534381 -0.085722916 -0.3256442 -0.32172906 -0.31530187 -0.22792922 -0.4797754 -0.8400774 3.337055
-0.70679426 -0.43916324 -0.8016069 5.412856 -0.51529706 -0.71115935 -0.6139254 -0.57537174 -0.98674244
-0.5409679 -0.4726607 4.407352 -0.628852 -0.3989146 -0.56681174 -0.6299877 -0.74665934 -0.45992234
-1.1284194 -1.1227158 -0.76200795 -0.4977913 -0.8929066 -0.94051695 -0.82401454 6.173725 0.0
-0.20431511 -0.23182812 -0.7779583 -0.67023987 0.16768628 -0.2507153 -0.71545273 -0.5244184 3.1380775
-0.13376981 -0.12776339 -0.8283584 -0.5728459 0.16595261 -0.13678205 -0.7553763 -0.6718292 2.9710627
-0.24471362 -0.134646 -0.61821693 -0.55054396 0.0011901916 -0.155196 -0.5745671 -0.7702358 3.1439266
-0.86817735 -0.84568316 -0.76195353 5.7788897 -0.92765135 -0.98124963 -0.9257771 -0.3641262 0.0
-0.5183198 -0.17320597 -0.47921443 -0.6899227 -0.44545954 -0.23128751 -0.54656065 -0.62656134 3.6331341
-0.56983006 -0.2116085 -0.5964979 -0.47243994 -0.48269546 -0.1976479 -0.4359136 -0.74095035 3.6341376
-0.3517891 -0.08738747 -0.66374826 -0.47056064 -0.5430258 -0.18609193 -0.4675046 -0.64033806 3.5292645
-0.7103157 -0.93200535 5.248215 -0.7181204 -0.7741534 -1.0183948 -0.83800447 -0.47685757 0.0
-0.5018028 -0.3161591 -0.568538 -0.66557443 -0.42118266 -0.56930435 -0.33257377 -0.67189 4.0066714
-0.28427356 -0.46667176 -0.36071014 -0.8081324 -0.3271544 -0.36919728 -0.61775863 -0.6870228 3.937459
-0.28833893 -0.48128286 -0.55404675 -0.52817786 -0.60995233 -0.40262583 -0.53998554 -0.51259226 3.947736
-0.53832424 0.08563567 4.152128 -0.84436876 -0.7256863 -0.95839083 -0.40856522 -1.0051877 0.0
-0.44728962 -0.32944992 -0.403339 -0.7858767 -0.5116658 -0.5619238 -0.39398673 -0.8248539 4.16932
-0.5082507 -0.24615556 -0.6434948 -0.601262 -0.45185965 -0.31469837 -0.4592747 -0.8774159 4.1197286
-0.26140782 -0.50379753 -0.3523927 -0.82174647 -0.27936822 -0.51515806 -0.44801754 -0.84512055 4.0812993
-0.437233 4.310227 -0.66255873 -0.54188854 -0.520262 -0.31550786 -0.75940365 -0.9351405 0.0
