-0.87784874 6.1862173 -0.83899367 -1.0517744 -0.58783597 -0.6206303 -1.0860583 -0.9858048 0.0
-1.4692687 3.0349805 -1.6013063 -0.94502866 -1.3396724 5.607024 -1.650402 -1.0044979 0.0
-0.8624298 -0.15006104 -0.6121496 -0.8863415 -0.52942646 -0.20543547 -1.0420144 -1.297446 5.676844
-0.5798253 -0.031728 -1.1844615 -0.8684228 -1.0542686 -0.13005851 -0.8475867 -0.84686863 5.591738
-1.0201133 -0.18062928 -0.6430341 -0.9468855 -0.71450585 -0.15800336 -0.960002 -1.0930781 5.6764045
-0.84170514 -0.6812969 -1.0133029 -0.6398674 -1.3914014 6.782232 -1.4178442 -0.8202375 0.0
-0.20759752 -0.01770889 -1.3026899 -1.0366482 -0.065969154 -0.20673305 -1.457344 -0.96799254 5.228615
-0.14297053 -0.055906028 -1.3255692 -0.94456506 -0.036374018 -0.20091599 -1.3182126 -1.0553232 5.1508656
-0.17726403 -0.18292789 -1.2152175 -1.0145695 -0.08753434 -0.10432744 -1.181779 -1.4505818 5.355895
-0.85886353 6.644666 -1.131997 -0.7747055 -1.0264529 -0.8500863 -1.0934814 -0.9602659 0.0
-1.0231262 -0.1479509 -0.68935806 -1.2101846 -0.8347935 -0.09878022 -1.0297794 -1.0062441 5.966292
-0.9673893 -0.12594353 -1.0395536 -0.72957015 -0.9637451 -0.08316558 -0.81335974 -1.3050876 5.893364
-0.6209115 -0.22120489 -1.098669 -0.67699957 -0.99723125 -0.15856372 -0.7377013 -1.1512833 5.7799363
-0.84963256 6.512261 -0.8966098 -1.1181136 -0.5708231 -1.115948 -1.1679753 -0.8224026 0.0
-0.71960783 -0.497012 -0.833629 -1.0187626 -0.69780797 -0.9410259 -0.6955103 -1.0547643 6.441422
-0.4586249 -0.8547417 -0.51814425 -1.1538354 -0.52005243 -0.60456765 -1.0139134 -1.1004242 6.334157
-0.50007975 -0.85819674 -1.0601336 -0.7915956 -0.8855155 -0.67365867 -0.9303645 -0.68442297 6.2877655
-0.8202658 6.6603956 -0.92876744 -1.1466758 -0.98510915 -0.8912827 -0.41820952 -1.4025398 0.0
-0.7200931 -0.38432556 -0.6488786 -1.0709933 -0.72239065 -0.93548596 -0.65032023 -1.3272926 6.544205
-0.85418946 -0.5079607 -1.0478241 -0.9385284 -0.87428856 -0.49663505 -0.80276924 -1.1443392 6.560416
-0.38193467 -0.86186856 -0.42184266 -1.2381562 -0.39996526 -0.92592186 -0.6337654 -1.2807686 6.4806366
-0.9878278 -0.60838455 -0.8774703 -0.76136005 -0.76945263 6.5764117 -1.0007814 -1.4340823 0.0
