-0.5614794 5.058568 -0.6524845 -0.879957 -0.60635614 -0.39798784 -0.8929432 -1.0042491 0.0
-0.99164885 -1.2520868 -0.77187645 -0.39135227 -0.99607414 -0.9567463 -0.6691821 6.118412 0.0
-0.6414081 -0.2905617 -0.5303605 -0.63119084 -0.36360857 -0.31096452 -0.7748943 -0.98112416 4.6731224
-0.5049303 -0.2932226 -0.7445537 -0.67578185 -0.52926093 -0.35073742 -0.7268961 -0.9054065 4.7738986
-0.6741582 -0.2623044 -0.4895787 -0.8268122 -0.5207042 -0.33075342 -0.73237526 -0.9609087 4.8166823
-1.1483403 -0.9698097 -0.87766665 6.2661753 -0.98460954 -1.1175516 -0.9965002 -0.5861546 0.0
-0.36269537 -0.36018017 -0.83670646 -0.66754544 -0.29067242 -0.42834282 -0.8137464 -0.6751294 4.52983
-0.26864505 -0.28676903 -0.88100886 -0.70453095 -0.2108316 -0.33120444 -0.7973534 -0.79756117 4.3770804
-0.3729545 -0.2834237 -0.7065679 -0.66613203 -0.26270503 -0.4206041 -0.847482 -0.91853774 4.5109887
-0.96729004 -0.8165935 -0.8057248 6.0081954 -0.62577933 -0.82234293 -1.076332 -0.8092812 0.0
-0.7301766 -0.3095707 -0.56017745 -0.8368808 -0.5973624 -0.30025226 -0.7069646 -0.79687715 4.8320284
-0.63996106 -0.3282899 -0.7320958 -0.69489145 -0.5403124 -0.38760895 -0.59872496 -0.89043695 4.832051
-0.46320212 -0.37341705 -0.7730719 -0.6932714 -0.69516623 -0.29513413 -0.59211594 -0.80017376 4.7814736
-0.68893826 -0.59224796 -0.6438704 -0.9022048 -0.6873657 -1.0878416 -1.0803542 5.61446 0.0
-0.61825526 -0.4625194 -0.5833013 -0.8451682 -0.56891596 -0.6714208 -0.49214056 -0.97390854 5.1816463
-0.43681958 -0.72619396 -0.42922217 -0.9235997 -0.41918987 -0.46670118 -0.7677439 -0.8765247 5.136046
-0.53717136 -0.6521199 -0.6547573 -0.7353362 -0.65217793 -0.50119066 -0.7634585 -0.62660307 5.09912
-0.53297263 -0.7051789 -0.60395443 -0.9647392 -0.63637155 -0.85222703 5.3831534 -1.0974795 0.0
-0.6463384 -0.37015378 -0.54592454 -0.9546126 -0.64082545 -0.703201 -0.5520656 -0.91219276 5.2810044
-0.63367665 -0.37474847 -0.7566658 -0.7128988 -0.6390979 -0.44204095 -0.7352589 -0.93813294 5.218844
-0.4179314 -0.617768 -0.5453701 -1.0980113 -0.4159379 -0.73124886 -0.63396186 -0.9410995 5.328508
-0.6632525 -0.058826048 -0.91368866 -0.8666166 -0.8680002 5.232678 -0.8570374 -1.030451 0.0
