-0.79615104 5.541447 -0.6357292 -0.9043339 -0.8240325 -0.5050213 -0.86355054 -0.8593387 0.0
-0.9646634 -1.267381 -1.1044128 -0.24008887 -0.8047842 -1.0218909 -0.8399377 6.3311586 0.0
-0.8136825 -0.26718602 -0.55690765 -0.8266695 -0.56818163 -0.29031685 -0.9138795 -1.1230102 5.2488127
-0.52813435 -0.285377 -1.0198328 -0.7185442 -0.78656787 -0.31912792 -0.76111954 -0.78522617 5.130953
-0.85781497 -0.17607209 -0.607364 -0.7047764 -0.52507055 -0.33579582 -0.9569796 -1.0759171 5.2413144
-0.89139193 -0.7554132 -1.1354952 -0.40647215 -0.92582244 -0.9211837 -1.0412922 6.2242146 0.0
-0.25041088 -0.1639619 -1.1862872 -0.77194285 -0.2251845 -0.35420948 -1.1212822 -0.751396 4.8850565
-0.15732622 -0.24007982 -1.1787091 -0.7215179 -0.14441472 -0.09053605 -1.0371456 -0.96728355 4.748394
-0.33451766 -0.28574383 -1.0111443 -0.8681546 -0.22863843 -0.30713183 -0.9069012 -1.0591451 4.9085503
-0.89519197 5.8627915 -0.9725453 -0.6480905 -0.71279514 -0.6253772 -0.9791236 -0.77894056 0.0
-0.8090953 -0.25264665 -0.79909956 -1.009062 -0.7364812 -0.1717672 -0.8138388 -0.90530634 5.3930655
-0.85375327 -0.19289862 -0.91467214 -0.72206324 -0.71189487 -0.22593783 -0.6685189 -1.0910403 5.3526316
-0.5486923 -0.22178027 -0.9813161 -0.7401315 -0.9250125 -0.27090016 -0.77952284 -1.0290529 5.3626885
-0.6377379 -0.73743856 -0.8474343 -0.90390414 5.726002 -1.2126172 -0.8488265 -0.39869237 0.0
-0.6737387 -0.44417498 -0.75729 -0.87083036 -0.63343096 -0.69733745 -0.49603507 -1.1517557 5.768442
-0.50217015 -0.67984354 -0.5323375 -1.0226443 -0.5859275 -0.6144502 -0.8136542 -0.9638901 5.6785326
-0.5584792 -0.7516913 -0.78788537 -0.7778374 -0.8691005 -0.48227793 -0.758286 -0.5682576 5.614908
-0.735558 5.7828383 -0.6318676 -1.0003407 -0.6986259 -0.81640095 -0.63029766 -1.260049 0.0
-0.6813376 -0.42766827 -0.52235293 -1.0937014 -0.74079984 -0.68833756 -0.6718642 -1.0714146 5.9132147
-0.6711197 -0.46112075 -0.8785727 -0.8690141 -0.8005039 -0.4212994 -0.62426275 -1.064964 5.8487134
-0.5171365 -0.71021664 -0.4931585 -1.1885355 -0.5347457 -0.8082931 -0.6390258 -1.1914105 5.979403
-0.8272944 5.856168 -1.0648202 -0.6790291 -0.74631226 -0.3728196 -0.87459964 -1.3458656 0.0
