-0.89493996 6.329896 -0.84809685 -0.8581724 -0.71628547 -0.8009709 -0.972363 -1.2321483 0.0
-0.82689095 -0.5649509 -1.3188367 -0.9242808 -0.9539384 6.648053 -1.2850732 -0.9369259 0.0
-0.877173 -0.107224464 -0.7830643 -0.9217245 -0.7343254 -0.14164458 -1.1017021 -1.1420964 5.7509766
-0.6107862 -0.08552897 -1.2456634 -0.90299314 -0.88516057 -0.17444625 -0.98100346 -0.7496269 5.6931453
-0.9517585 -0.37049842 -0.6821369 -0.77384806 -0.96432006 6.2820816 -0.90409523 -1.0803803 -0.47620514
-0.77444005 6.737316 -1.10385 -0.9486038 -1.0639952 -0.8377297 -1.1866453 -0.91126055 0.0
-0.32116917 -0.31873685 -1.5063039 -1.070146 -0.013950625 5.4121923 -1.2762364 -0.9820941 0.0006820426
-0.22209701 -0.35209343 -1.3007705 -0.8364087 5.464701 -0.265923 -1.2741774 -1.0182298 -0.04212322
-0.220339 -0.037825808 -1.256349 -1.0319874 -0.1693899 -0.027505951 -1.3265889 -1.3834424 5.4970646
-1.0740095 6.722446 -0.92914724 -0.9064293 -0.8382942 -0.84935105 -1.1064426 -0.95844316 0.0
-0.8711034 -0.10423473 -0.5937052 -1.2043271 -0.81705 -0.14982139 -1.0171984 -1.1675408 6.009167
-0.97639686 -0.0232373 -1.0181891 -0.7800754 -0.8483848 -0.12965342 -0.80504197 -1.2376693 5.8906245
-0.6249606 -0.09100532 -1.1043572 -0.7547763 -1.010597 -0.16351043 -0.64985406 -1.334592 5.905253
-1.0198278 -0.73161143 -1.0087912 -1.1619269 6.700088 -1.0386138 -0.9641888 -0.95837533 0.0
-0.8004501 -0.6498034 -0.6985503 -0.9738166 -0.74620336 -0.8167876 -0.6243128 -1.1469157 6.4740434
-0.6067438 -1.0626588 -0.6472781 -1.1612059 -0.6162553 -0.7060615 -0.88424104 -1.0449673 6.5046964
-0.455249 -1.0021157 -0.9113764 -0.931407 -0.9112773 -0.7385245 -0.7371121 -0.90507704 6.479054
-0.9523324 6.921423 -0.91870695 -1.1073585 -0.94518214 -1.2962921 -0.8321209 -1.0559458 0.0
-0.751441 -0.5475852 -0.4983771 -1.0912151 -0.816534 -0.8101152 -0.758829 -1.2545785 6.577636
-0.82510746 -0.6046757 -0.94066995 -0.8170523 -0.9474096 -0.5809605 -0.80540377 -1.0670322 6.556248
-0.45221826 -0.88328147 -0.63773394 -1.3996186 -0.45125023 -0.83757967 -0.8149185 -1.3851411 6.836834
-0.8841985 -0.20877951 -1.0907366 -0.9280393 -0.79275495 6.614133 -1.0090004 -1.488524 0.0
