-0.5261178 5.50739 -0.5907808 -0.96101433 -0.38915035 -0.76500803 -0.871549 -1.4467176 0.0
-0.95047385 -1.114025 5.991308 -0.81047255 -0.6179617 -1.3297772 -0.45570508 -0.9981046 0.0
-0.63515264 -0.39551973 -0.5988923 -0.83046865 -0.6008666 -0.49006817 -0.74151236 -0.99143183 5.2770214
-0.50412697 -0.45373 -0.68607014 -0.7668189 -0.54500186 -0.5788694 -0.64139384 -1.0148449 5.141958
-0.5718201 -0.60865605 -0.64927375 -0.70871425 -0.51223296 -0.50507677 -0.78502935 -1.032577 5.294395
-1.1251285 -0.91626805 -0.5434962 5.910959 -0.8560326 -1.1692058 -0.5988806 -0.6846889 0.0
-0.5131425 -0.5938768 -0.7801134 -0.6801365 -0.4301451 -0.5573476 -0.68232787 -0.7034642 4.980697
-0.43764812 -0.4947325 -0.6686014 -0.5917406 -0.50062364 -0.60186654 -0.7254512 -0.7737923 4.8210726
-0.5406159 -0.4578483 -0.676106 -0.5815696 -0.47436628 -0.6141706 -0.60866076 -0.85408366 4.93505
-0.88605165 -1.1337798 -0.8465766 -0.351875 -0.79279137 -1.0358934 -0.64522094 5.8369155 0.0
-0.6962218 -0.445197 -0.71334964 -0.7782175 -0.6186909 -0.4164579 -0.7179062 -0.77637273 5.1379886
-0.6546919 -0.4828136 -0.7463754 -0.6006262 -0.6079362 -0.53580487 -0.70278037 -0.8185676 5.210814
-0.479022 -0.5708086 -0.7518322 -0.6805515 -0.7086682 -0.4286682 -0.8508612 -0.8441747 5.2592134
-0.92001766 -0.6674439 -0.6442215 -0.60875064 5.486184 -0.85681957 -0.75837404 -1.0491229 0.0
-0.6386244 -0.5372583 -0.6560216 -0.7710051 -0.4883009 -0.61337286 -0.5679778 -0.92852855 5.336723
-0.60924846 -0.658869 -0.5643496 -0.8831256 -0.4752706 -0.53171366 -0.6852703 -0.7578575 5.3599606
-0.41093165 -0.7139785 -0.8178167 -0.84183097 -0.58292603 -0.654548 -0.8355904 -0.7266197 5.5399966
-0.45269915 -0.6064069 4.8474216 -0.9060273 -0.60217774 -0.8596993 -0.37132254 -0.9534416 0.0
-0.56224424 -0.5125089 -0.6213879 -0.81143457 -0.51532847 -0.68421453 -0.65429455 -0.8775105 5.376829
-0.5610565 -0.4824171 -0.70819324 -0.8707539 -0.5612688 -0.5281042 -0.59805983 -1.0485996 5.481631
-0.4902504 -0.5317225 -0.64415467 -1.005649 -0.44571602 -0.65408915 -0.71898085 -0.963214 5.474773
-0.4858683 5.2579517 -0.72621864 -0.9686473 -0.5779691 -0.54496294 -0.95168865 -1.0470127 0.0
