-0.5869285 5.896459 -0.62602264 -1.0912477 -0.68093866 -0.689623 -0.9146748 -1.0808389 0.0
5.870094 -1.3624091 -1.0537329 -0.6287382 -1.1799905 -1.4460851 1.2142429 -0.8213971 0.0
-0.73758703 -0.44338128 -0.62219936 -0.7861071 -0.5789113 -0.5759327 -0.96130085 -1.0650636 5.635995
-0.5368543 -0.36001274 -0.8476331 -0.7625234 -0.67140335 -0.39324442 -0.737871 -0.9473216 5.4592867
-0.82041806 -0.39841735 -0.6425807 -0.8214213 -0.6144298 -0.40851793 -0.89957124 -1.0509454 5.6123705
-0.92646813 -0.581392 -0.9166005 5.7248383 -0.9762005 -0.8279056 -0.6679944 -0.24973162 0.0
-0.4050503 -0.5166419 -0.813163 -0.8240817 -0.40648514 -0.502318 -0.8633182 -0.7522398 5.212242
-0.47218472 -0.45553902 -1.021156 -0.7628179 -0.4234541 -0.37550846 -0.92956614 -0.8141869 5.2660713
-0.49134368 -0.580187 -0.9367386 -0.7422479 -0.3395291 -0.48480722 -0.8582706 -0.9979033 5.350297
-1.0213106 -0.7765598 -1.0679039 -0.6044802 -0.8745679 5.925241 -0.89587355 -0.7366855 0.0
-0.91318303 -0.46834147 -0.69587064 -0.77336824 -0.64503795 -0.40346354 -0.8100776 -0.8434391 5.6251044
-0.74258536 -0.47071192 -0.84895724 -0.73992014 -0.77519834 -0.4729936 -0.6196788 -1.0094373 5.656265
-0.51681983 -0.45331645 -0.95958614 -0.61230767 -0.77198917 -0.46243185 -0.73860914 -0.955543 5.5795455
-0.9486016 -0.5281835 -0.7872034 -1.0565588 5.924136 -0.8607329 -1.0234952 -0.76039517 0.0
-0.55750227 -0.5298838 -0.71036553 -0.9222252 -0.6741245 -0.76147413 -0.65818465 -1.06032 5.926105
-0.5810121 -0.87687814 -0.55264246 -1.0666025 -0.5998325 -0.66894364 -0.8200331 -1.0040967 6.03259
-0.5913422 -0.7776124 -0.75712305 -0.7334524 -0.8149508 -0.5842994 -0.83607256 -0.816071 5.925701
-0.61282766 5.8996944 -0.6461891 -0.9456568 -0.7792806 -1.0093919 -0.84643734 -1.0501882 0.0
-0.6827544 -0.59780294 -0.5960004 -1.0960263 -0.5778659 -0.79179496 -0.72326523 -1.061835 6.061265
-0.6869385 -0.5001561 -0.9533729 -0.9363901 -0.66633946 -0.47492838 -0.57064426 -1.0808415 6.0402536
-0.5195588 -0.6545318 -0.57686573 -1.0023898 -0.46794346 -0.9143185 -0.70431346 -1.09747 6.0246897
-0.58262956 5.8637314 -1.010787 -0.7821123 -0.61644065 -0.4592608 -0.91833675 -1.3162122 0.0
