6.5211205 -0.6630907 -0.7133563 -1.0481526 -0.71392864 -0.967816 -1.0410477 -1.3946531 0.0
6.1581707 -0.96462363 -0.38299108 -0.9706156 0.47566864 -1.1502885 -0.6950154 -1.2643701 0.0
-0.5967824 -0.65345305 -0.69726676 -0.92012936 -0.58155745 -0.7739402 -0.96785206 -1.0654727 6.127804
-0.62711227 -0.68077755 -0.645898 -0.8559495 -0.58977944 -0.7236782 -0.9435809 -1.0745951 6.067455
-0.5659579 -0.69077504 -0.69647586 -1.0419847 -0.5664322 -0.61146414 -0.7582716 -1.043285 6.0786185
-1.0298549 -0.91030914 -0.53679097 -0.8257274 6.0264134 -1.2921158 0.13091855 -1.016384 0.0
-0.55830204 -0.6770769 -0.89966804 -0.7616196 -0.6051042 -0.7759612 -0.7447039 -0.8353539 5.868739
-0.63881063 -0.5390733 -0.7976162 -0.82070357 -0.75174135 -0.71382415 -0.6615794 -0.73866636 5.6635704
-0.72427076 -0.7623198 -0.7504992 -0.7205733 -0.63095355 -0.75465846 -0.7551887 -0.7668303 5.8473973
-0.7143085 -0.96270305 -0.78457665 -1.0364616 -0.617778 -1.0894269 6.0525503 -0.95819885 0.0
-0.7675801 -0.6693111 -0.94268656 -0.7527831 -0.6853952 -0.5145289 -0.77635163 -0.7171542 5.957704
-0.6600232 -0.78344065 -0.5902361 -0.8750551 -0.736085 -0.77562183 -0.7543323 -0.86563015 6.074615
-0.5681195 -0.7102147 -0.77063966 -0.81569475 -0.7838393 -0.65902823 -0.8372391 -0.943553 6.1460843
-0.8487662 5.859271 -0.82895535 -0.6680538 -0.61975867 -0.96539915 -1.0579448 -0.73025465 0.0
-0.74053603 -0.6979387 -0.70540845 -0.884357 -0.6070761 -0.7547059 -0.6259669 -1.1078185 6.1433806
-0.7176328 -0.7941565 -0.69471264 -1.0004123 -0.7671079 -0.6149357 -0.7949234 -0.9310379 6.2761545
-0.75197583 -0.7527361 -0.78611314 -0.9179911 -0.65346736 -0.7619679 -0.7862829 -0.93971676 6.316699
6.033028 -0.6676499 -0.5086457 -0.9570176 -0.96011657 -0.91025496 -0.94249296 -1.2360598 0.0
-0.6237744 -0.5572819 -0.7794813 -1.0340091 -0.6517183 -0.7395975 -0.75078076 -1.1935025 6.320515
-0.5854603 -0.6104994 -0.81408125 -0.99588245 -0.69081265 -0.6240171 -0.73811007 -1.189591 6.276982
-0.78374636 -0.7559742 -0.7786924 -1.0250094 -0.565566 -0.7342088 -0.8382186 -1.0200163 6.3097334
-0.657497 5.8259 -0.7369129 -1.1053175 -0.51214087 -0.49232584 -0.86174166 -1.3628205 0.0
