-0.4799806 -0.43445024 4.332207 -0.5193153 -0.63072574 -0.4903169 -0.89247745 -0.8392482 0.0
-1.0475378 -0.921955 -0.7963444 6.2257957 -1.023152 -1.05951 -0.8955682 -0.36324194 0.0
-0.54725254 -0.5156588 -0.6183811 4.7169456 -0.67815036 -0.507993 -0.83777684 -0.58631396 -0.36838838
-0.765365 -0.41163656 -0.65049815 5.2993383 -0.8475543 -0.626312 -0.52955663 -0.67120814 -0.8319851
-0.49639937 -0.16798365 -0.59728247 -0.39393345 -0.46698052 3.7319407 -0.6834089 -0.8202001 -0.06717353
-0.97112405 -1.2564422 -0.8873677 -0.52099144 -0.68669176 -0.9842037 -0.6425539 6.099047 0.0
-0.03807462 0.018296618 -0.94461787 -0.45426247 3.1923394 -0.053414833 -0.96742946 -0.53099006 0.022861296
2.9892027 0.0115934005 -1.1217699 -0.5656776 0.1702961 0.057587292 -0.8578737 -0.67166066 -0.0050461167
-0.29898605 -0.28139228 -0.6150866 -0.44664112 3.9259338 -0.2529452 -0.713225 -0.8657926 -0.21961531
-0.905165 -1.1604153 -0.9518644 5.537545 -0.9863122 -0.9231315 -0.81972325 1.0874199 0.0
-0.62186074 -0.052988764 -0.40374517 -0.72353977 -0.53784096 0.17999776 -0.7891297 -0.6679493 3.6588748
-0.62058526 3.8076696 -0.78903955 -0.38898373 -0.5343189 -0.0057926807 -0.48959914 -0.8968685 -0.080973335
-0.41624874 0.011659593 -0.7474455 -0.59588605 -0.67603683 -0.056887664 -0.49091402 -0.76909965 3.6979616
-0.5253935 -0.6815624 -0.8192087 -0.5841748 -0.38423058 -1.0527986 -0.7927487 4.9230766 0.0
-0.46788773 -0.2781745 -0.49581268 -0.7704488 -0.41968888 -0.59189785 -0.36559328 -0.7731178 4.234939
-0.27114937 -0.5616154 -0.27174643 -0.77879965 -0.32094327 -0.37717083 -0.7328982 -0.7434971 4.0938096
-0.32627946 -0.54009724 -0.67307496 -0.47074524 -0.63645226 -0.3245569 -0.61572766 -0.5438675 4.0917416
-0.75882715 0.9931164 -0.359512 -0.92481226 -0.68816423 -0.885498 3.9975262 -1.1075853 0.0
-0.5150302 -0.25776708 -0.3060286 -0.83905613 -0.57659465 -0.586323 -0.5024139 -0.8414764 4.3704996
-0.54789776 -0.2820884 -0.6642268 -0.58902377 -0.49638385 -0.27323887 -0.4306555 -0.9663717 4.365501
-0.24843876 -0.6608261 -0.34703553 -0.8589963 -0.3075857 -0.6112026 -0.56482875 -0.8844192 4.3677135
-0.52689767 4.558563 -0.621724 -0.67387253 -0.6066018 -0.44104877 -0.72788554 -0.8739462 0.0
