-0.924804 6.485589 -0.7579737 -1.085316 -0.96576226 -0.8280777 -0.9376233 -0.7762956 0.0
-0.5703423 6.6170044 -1.3143843 -0.9282453 -0.9145745 -0.5914014 -0.91036046 -0.5936597 0.0
-1.1348165 -0.044885814 -0.74871314 -0.9106712 -0.66154605 -0.21588382 -1.1184474 -1.4336594 6.1863065
-0.62646246 -0.13048515 -1.326625 -0.875082 -1.0305204 -0.18347676 -0.78334135 -0.91272295 5.959762
-1.0847421 -0.02719987 -0.6674066 -0.9486445 -0.7773941 -0.19430383 -1.2181494 -1.141703 6.1187186
-1.1302933 6.313571 -1.435843 -1.066872 -0.9836476 1.8775258 -1.302405 -0.9028538 0.0
-0.2333412 -0.1370368 -1.4155196 -0.9996123 -0.087078124 -0.1426897 -1.3196718 -1.1665077 5.513205
-0.19148058 -0.042319298 -1.3345021 -1.1535774 -0.1186744 -0.1291885 -1.4383292 -1.2169027 5.597292
-0.17340523 -0.076339155 -1.3410301 -1.1482233 -0.07010347 -0.15345217 -1.3466965 -1.264966 5.6772366
-0.95767206 6.678344 -1.140945 -1.0092721 -0.8243585 -0.5233925 -1.2430743 -1.0218583 0.0
-1.0671643 -0.2191513 -0.7788061 -1.1218481 -0.8370912 -0.20833243 -1.0848316 -1.1039572 6.2706804
-0.9525038 -0.13548057 -1.2976215 -0.54744625 -0.89386284 -0.18326277 -0.8423272 -1.3715696 6.246425
-0.7581965 -0.1284298 -1.2344157 -0.8476579 -1.0676666 -0.14380614 -0.7934349 -1.2859964 6.2628007
-0.92553174 6.7102895 -1.0623363 -1.2172135 -0.7117508 -1.1475348 -1.166544 -0.5754138 0.0
-0.8510714 -0.5588457 -0.9486778 -0.99317914 -0.8409366 -0.8622666 -0.57232314 -1.1130718 6.7441406
-0.5690576 -0.8835155 -0.45299685 -1.2260901 -0.67475873 -0.76828235 -0.91048074 -1.2168453 6.7152834
-0.54711175 -0.9866219 -0.99221915 -0.92313844 -0.75421226 -0.6017515 -0.88337505 -0.8954227 6.6335864
-1.1273314 6.8164535 -0.8197239 -1.1275932 -0.7931354 -1.0585421 -0.85750973 -1.1293598 0.0
-0.63066506 -0.5162233 -0.60431343 -1.2156163 -0.9132509 -0.9138291 -0.77817696 -1.3193991 6.950658
-0.715108 -0.57718366 -1.1725737 -0.8415414 -0.91352934 -0.50207305 -0.6284887 -1.4702842 6.930517
-0.545913 -1.0435324 -0.55967766 -1.1347189 -0.5695741 -0.84572667 -0.79135156 -1.311326 6.841841
-0.74500185 -0.4630159 -1.3005724 -1.1149879 -1.146477 7.014803 -1.1372865 -1.2984313 0.0
