5.46094 -0.5856921 -0.6513936 -1.0255303 -0.6209789 -0.66297024 -0.8624418 -1.292939 0.0
-0.96311736 -1.2182034 -0.32627183 6.0404844 -1.0113565 -1.1822516 -0.6141253 -0.74350697 0.0
-0.46633086 -0.46505567 -0.49589112 -0.74113625 -0.49717534 -0.48236698 -0.5751983 -0.9117833 4.685941
-0.5532701 -0.49370053 -0.59379274 -0.7646621 -0.45954445 -0.5509648 -0.6402176 -0.9405078 4.8329697
-0.4100044 -0.36527732 -0.5242457 -0.86426157 -0.41240835 -0.4817833 -0.6573185 -0.8600261 4.742384
-1.0497701 -1.218809 -0.8279824 5.9882593 -0.80363244 -1.3118286 0.2353613 -0.6668886 0.0
-0.49458963 -0.6339488 -0.61793125 -0.5278635 -0.45984817 -0.6575976 -0.49315423 -0.68960834 4.5245757
-0.46990955 -0.5218264 -0.533765 -0.5504476 -0.4606814 -0.60138226 -0.51065016 -0.62889063 4.252916
-0.5072979 -0.4730022 -0.64900166 -0.5664575 -0.5236999 -0.5464222 -0.64284 -0.7038694 4.545677
-1.3085076 -1.3553182 -1.0901107 5.517212 -1.037233 -1.4120568 -0.6043633 1.9639103 0.0
-0.56106144 -0.454154 -0.696947 -0.6328247 -0.58731794 -0.50062513 -0.5715726 -0.72140604 4.6567817
-0.54968154 -0.5381918 -0.5371887 -0.6100278 -0.591628 -0.61315876 -0.63458383 -0.6828583 4.7176657
-0.44296277 -0.59376836 -0.6303385 -0.630208 -0.57361174 -0.5916072 -0.71579 -0.6811443 4.7754097
-0.7833972 -0.6876742 -0.5936488 5.5266337 -0.82211334 -1.1870725 -0.7882219 -0.548318 0.0
-0.5028021 -0.55177593 -0.5497255 -0.75333667 -0.45382187 -0.5604105 -0.5607679 -0.800652 4.7211637
-0.5741723 -0.5462823 -0.58758605 -0.7118592 -0.54009515 -0.527964 -0.577118 -0.7431392 4.857794
-0.5133386 -0.6064466 -0.6034182 -0.6648552 -0.65771717 -0.5735243 -0.6320623 -0.7490878 4.9254165
4.5714464 -0.41784024 -0.49375007 -0.9101857 -0.3477038 -0.6030885 -0.6223544 -1.060371 0.0
-0.46506444 -0.49767777 -0.6415014 -0.80259186 -0.49317867 -0.59300834 -0.6240346 -0.8351224 4.9385376
-0.47554466 -0.38803715 -0.73049474 -0.8498369 -0.44101954 -0.6204876 -0.59913856 -0.79980016 4.9418736
-0.50900066 -0.48464042 -0.5774968 -0.9317472 -0.45022935 -0.5867507 -0.6226212 -0.83090955 4.97444
-0.67209876 4.648654 -0.7028658 -1.0619414 -0.32294044 -0.26962966 -0.70840657 -0.9270555 0.0
