-0.8217175 5.817897 -0.7591569 -0.91586846 -0.6759013 -0.5173556 -0.9595586 -1.186204 0.0
-0.6910836 -0.6726192 -0.9351549 -0.49306506 -1.2332742 -0.8446307 -1.0968766 5.87881 0.0
-0.91544294 -0.10312422 -0.6366049 -0.78942823 -0.63635963 -0.2551768 -0.9835698 -1.1317921 5.348449
-0.54178846 -0.20351233 -0.98209375 -0.8479229 -0.7905359 -0.26696447 -0.8683053 -0.72443527 5.243576
-0.83513355 -0.15723269 -0.59803027 -0.8385887 -0.639928 -0.23387429 -1.0205263 -1.1149241 5.3967285
-0.8824888 -0.6030692 -1.040406 -0.50730807 -0.72429425 -0.8676231 -1.1833038 6.058147 0.0
-0.17048144 -0.36932927 -1.1510961 -0.97483337 -0.23965807 -0.20237173 -1.2476678 -0.83513427 5.09523
-0.2312548 -0.17819296 -1.2037319 -0.81002265 -0.17474589 -0.27463275 -1.0651817 -0.88469696 4.9221463
-0.34717193 -0.2122744 -1.0405625 -0.8915732 -0.16602099 -0.2500076 -1.0443431 -1.1252519 5.0371833
-1.0111561 -0.38791347 -1.1485761 -0.86251813 -1.0215883 6.0769043 -0.9721972 -0.6448793 0.0
-0.92155695 -0.22717044 -0.72096074 -0.80916417 -0.6557908 -0.2063232 -0.99752307 -0.8599705 5.3888144
-0.81024647 -0.25985155 -0.95256245 -0.65502447 -0.71746624 -0.27441314 -0.58034474 -1.0570036 5.380579
-0.56609744 -0.17947064 -1.0821745 -0.7029432 -1.0161052 -0.28892022 -0.70915645 -0.9406701 5.435657
-0.7568366 5.9459186 -0.9072318 -0.96830755 -0.5222249 -1.0755988 -0.9589856 -0.7889013 0.0
-0.77739525 -0.4711614 -0.81109756 -0.9123081 -0.64504737 -0.732063 -0.5942017 -0.910564 5.8843703
-0.5522776 -0.83787054 -0.4561738 -1.0153787 -0.5487463 -0.62212944 -0.8812614 -1.0066509 5.8031716
-0.47740975 -0.8819715 -0.91328335 -0.6917941 -0.7291797 -0.5343089 -0.81710523 -0.7612976 5.7944655
-0.7755575 5.6086097 -0.20952117 -1.2249731 -0.6117978 -0.925265 -0.53863144 -1.1731082 0.0
-0.85457796 -0.5587284 -0.45298815 -0.9913765 -0.65474755 -0.81211525 -0.64700925 -1.1453178 6.047382
-0.8250806 -0.38011277 -0.8843903 -0.7533455 -0.69660205 -0.44842055 -0.73085755 -1.1499549 5.9917197
-0.40018824 -0.8604596 -0.54740024 -1.2003093 -0.44899887 -0.895157 -0.5527024 -1.1008514 5.980621
-0.68117464 5.9342318 -1.0595639 -0.7969542 -0.64773846 -0.44061172 -1.043018 -1.3567364 0.0
