-0.44721168 5.211306 -0.6566429 -0.9988017 -0.41762686 -0.460263 -1.1105657 -1.1834354 0.0
-1.0389055 -0.8062096 -1.0646585 6.28558 -1.0557092 -1.4580759 -0.82313114 -0.35349518 0.0
-0.5898514 -0.3389556 -0.6597768 -0.7327373 -0.53980136 -0.3581411 -0.6847015 -1.0642314 5.0246634
-0.59387016 -0.37863564 -0.80992085 -0.68859667 -0.63329446 -0.3429076 -0.7498365 -1.0032854 5.112809
-0.6479781 -0.36513868 -0.55057245 -0.7672073 -0.5453467 -0.32098028 -0.8581222 -1.1021817 5.1284842
-0.97143906 -0.922832 -0.87143123 -0.52254254 -0.7439643 -1.16093 -0.8332817 6.063244 0.0
-0.405125 -0.5329537 -0.8904124 -0.69404805 -0.23409843 -0.4221055 -0.8608291 -0.7979479 4.8412724
-0.36742872 -0.26298448 -0.846387 -0.77827936 -0.2838958 -0.441152 -0.8367263 -0.7579719 4.668893
-0.42694703 -0.4054055 -0.75095016 -0.7264991 -0.40081698 -0.49314204 -0.7771703 -0.93258715 4.8635764
-0.82402325 -1.0988504 -1.0302638 5.8765965 -0.55976915 -0.9485641 -0.89618015 -0.54602945 0.0
-0.75862145 -0.45706144 -0.6258353 -0.75902355 -0.5832636 -0.3639681 -0.6309685 -0.7956076 5.00514
-0.5923853 -0.41514784 -0.67005897 -0.6128224 -0.6191092 -0.4420935 -0.69154483 -0.8383816 5.0259027
-0.5513461 -0.39202467 -0.8969574 -0.63108706 -0.6743372 -0.3757368 -0.65136504 -0.8298886 5.0729446
-0.8684549 5.5970592 -0.7605563 -0.77973115 -0.74557054 -1.0357016 -0.83319986 -0.7069159 0.0
-0.6042882 -0.4057405 -0.66501766 -0.80402225 -0.61924195 -0.7545537 -0.5286502 -0.89132637 5.3304777
-0.55287886 -0.6961504 -0.48591402 -0.9900948 -0.594318 -0.6462183 -0.736211 -0.7697655 5.401366
-0.5276234 -0.6885926 -0.77777535 -0.7192577 -0.6085171 -0.5593762 -0.731374 -0.799856 5.373394
-0.6251748 5.3306403 -0.67430055 -1.046205 -0.87278134 -0.7627786 -0.46332812 -1.0944028 0.0
-0.62925375 -0.5494103 -0.4447376 -0.9895312 -0.6378421 -0.76492846 -0.5719027 -0.99418694 5.537866
-0.6716095 -0.4391212 -0.8424199 -0.7864109 -0.63744706 -0.46536803 -0.654438 -1.1226588 5.5398173
-0.4723578 -0.60576683 -0.6452814 -0.9742206 -0.47339046 -0.7499106 -0.66700244 -1.0746999 5.5432096
-0.6540098 5.563373 -0.79268956 -0.85445416 -0.4704103 -0.6162127 -0.86571604 -1.2988869 0.0
