-0.8642888 6.3286304 -0.93339086 -0.91017646 -0.8566046 -0.5850933 -1.13129 -0.9409821 0.0
-0.95673186 6.599787 -1.1464572 -0.9700816 -1.2492646 0.22214283 -0.91472524 -0.6881629 0.0
-0.9627584 -0.13959356 -0.70418143 -0.8630719 -0.7509115 -0.031242624 -0.998516 -1.2754956 5.935052
-0.6601336 -0.13112274 -1.2389765 -0.83164483 -0.8900769 -0.28249848 -0.90171945 -0.96470326 5.950615
-1.0437481 -0.15649112 -0.7334138 -0.7876491 -0.7107064 -0.18053375 -1.1527644 -1.1463356 6.0048695
-0.8879273 -0.38198373 -0.91910434 -0.9194566 -0.97225237 6.7016735 -1.2285511 -0.852369 0.0
-0.14168273 -0.27929366 -1.4214944 -0.9557485 -0.1331252 -0.18525681 -1.3645092 -1.0518582 5.606236
-0.15795435 -0.14514105 -1.4055115 -0.9459127 -0.24181712 -0.19470039 -1.3711677 -1.2013631 5.6452575
-0.28632966 -0.23833318 -1.1373464 -1.0302252 -0.21950322 -0.22336741 -1.4134161 -1.4396433 5.81167
-0.91076297 6.7943053 -1.227924 -1.2167684 -0.97172564 -0.58713675 -1.0850319 -0.8862651 0.0
-1.0219876 -0.2014047 -0.79753023 -1.1331487 -0.647589 -0.20994417 -1.031024 -1.0186338 6.1033945
-1.1695881 -0.19028205 -1.1091547 -0.56627196 -0.9033979 -0.22248188 -0.90650713 -1.416617 6.3110995
-0.68848854 -0.2148814 -1.0858856 -0.8581158 -1.1319051 -0.22619072 -0.8484158 -1.2349983 6.1969666
-0.9860083 6.689714 -1.0725917 -1.2887646 -0.49026477 -1.1376948 -1.1540563 -0.7551512 0.0
-0.878918 -0.60715735 -0.8796823 -1.0025789 -0.7374505 -0.96047705 -0.54370576 -1.1614618 6.7571487
-0.5979643 -1.0624608 -0.3896498 -1.2232926 -0.5356142 -0.7031407 -1.0991619 -1.0466108 6.6965947
-0.56301826 -0.9433943 -1.0034019 -0.84988636 -0.9359873 -0.5490104 -1.0855743 -0.6833232 6.6145864
-1.232049 6.900799 -1.0219653 -1.0669417 -0.8896616 -0.8763145 -0.7463123 -1.1754582 0.0
-0.763786 -0.6253457 -0.65316164 -1.183204 -0.87761426 -1.0286263 -0.8795315 -1.2391487 6.912003
-0.8033602 -0.49104634 -1.205402 -0.9008167 -0.9585984 -0.39901513 -0.72439736 -1.4020637 6.912513
-0.49284506 -0.963193 -0.47443384 -1.3328265 -0.49872446 -0.97537637 -0.7382709 -1.3982444 6.883866
-0.9123252 -0.62262887 -0.89116454 -0.96535325 -0.8990177 6.874328 -1.2078451 -1.5863249 0.0
