0.6745493723 0.03182719554 0.501220482 0.9962332594 0.3375621543 0.0397408788 1.098892148 1.009370144 0
0.1917224988 0.033630954 1.176075555 0.5254827211 0.4058155607 0.0430244115 0.6290295894 0.4801800263 0
0.8319508422 0.02647589112 0.442506766 0.7174609397 0.4060547445 0.0438933159 0.9741021253 1.431553357 0.00005849928
0.3804683715 0.0234248532 1.208927188 0.5640173742 0.7360891381 0.0510446076 0.7226543962 0.6535173021 0.00006753376
0.9310478152 0.02304609489 0.431749521 0.7351789704 0.5124128537 0.0434133336 1.060893631 1.453197304 0.00006650154
0.4041090711 0.0197763132 1.027162735 0.545197653 0.4084742682 0.0222183822 1.200832437 0.5582924419 0
0.0488657547 0.02137927932 1.267916287 0.5614391748 0.0264278469 0.02639600649 1.238048209 0.5865929454 0.00055767474
0.0229278546 0.02184437619 1.246034296 0.5565289758 0.0255192378 0.02825570412 1.077499802 0.7982123585 0.00005642973
0.0527532894 0.02501340912 1.010107477 0.7196451581 0.02920761536 0.02703066849 1.093386102 1.237820084 0.00005822334
0.4696541724 0.0249767091 1.094600954 0.6356762635 0.4490107944 0.0309002211 1.056230117 0.5822573148 0
1.01100489 0.05510464057 0.5524274343 1.302530109 0.7473420786 0.0594393156 1.174299784 1.153494199 0.00007284816
1.026873182 0.0472718946 1.368863284 0.5906870978 0.7228032658 0.05148861039 0.6144586083 1.862950963 0.00007077861
0.4857886908 0.0459331257 1.373749277 0.668535168 1.072653335 0.07274778938 0.6070584954 1.467756358 0.00006994568
0.6225640239 0.4875819942 1.17230484 1.522149692 0.5031031593 1.049205574 1.442386521 0.6449738778 0
1.249584356 0.5709506733 1.268450231 2.010294276 1.084971491 1.415176594 0.7339746763 2.510104485 0.00009230193
0.5194860237 1.323253203 0.5816082579 2.347447273 0.6167919468 0.7671891755 1.639476815 1.989218041 0.00008043651
0.5187236628 1.173409228 1.556010943 1.146840162 1.307968891 0.5916227184 1.229532675 0.916290917 0.00008788689
1.199723439 0.604414377 0.8795364704 2.16567677 1.093731165 1.498210088 0.73189903 2.652309658 0
1.270053299 0.6539274972 0.7378827378 2.999413665 1.275122879 1.708502393 1.200159654 3.442216392 0.0001214136
1.526919596 0.6804957873 2.081238083 1.608134987 1.511929758 0.6989660663 1.061694214 3.74607087 0.00008071245
0.6052121502 1.696674194 0.7480129091 3.140202167 0.6467904062 1.704732925 1.233678071 3.535507837 0.0001005648
1.401132015 0.655433077 2.182657561 1.682362438 1.499116551 0.640186993 2.283864984 3.946204664 0
