3.47480 1.37970 1.53300 2.70830 1.53300 1.37970 3.11710 2.40170 0.00000          
1.53300 1.53300 3.73030 1.58410 3.11710 1.53300 1.99290 1.37970 0.00000          
3.27040 1.37970 1.37970 1.99290 2.24840 1.53300 2.91270 3.73030 1.37970          
1.53300 1.53300 3.73030 1.53300 3.11710 1.53300 2.19730 1.68630 1.43080          
3.73030 1.37970 1.37970 2.04400 1.83960 1.53300 3.16820 3.73030 1.37970          
1.53300 1.53300 3.21930 1.53300 1.63520 1.53300 3.73030 1.58410 0.00000          
1.53300 1.37970 3.73030 1.53300 1.53300 1.37970 3.52590 1.53300 1.37970          
1.53300 1.37970 3.67920 1.53300 1.53300 1.37970 3.11710 2.09510 1.37970          
1.53300 1.37970 3.11710 1.99290 1.63520 1.37970 3.11710 3.32150 1.37970          
1.53300 1.53300 3.21930 1.73740 1.53300 1.53300 3.21930 1.53300 0.00000          
3.11710 1.89070 1.53300 3.11710 2.24840 1.53300 3.11710 2.45280 1.37970          
3.16820 1.53300 3.67920 1.37970 2.24840 1.37970 1.58410 3.98580 1.37970          
1.53300 1.53300 3.83250 1.53300 3.11710 1.94180 1.53300 3.11710 1.48190          
1.89070 1.53300 3.11710 3.47480 1.53300 3.11710 3.73030 1.37970 0.00000          
3.67920 1.53300 3.11710 3.67920 3.11710 3.73030 1.58410 3.93470 1.37970          
1.53300 3.57700 1.37970 3.98580 1.78850 1.99290 3.57700 3.06600 1.37970          
1.53300 3.11710 3.67920 2.04400 3.73030 1.53300 2.65720 1.37970 1.37970          
3.52590 1.53300 2.04400 3.73030 3.11710 3.73030 1.58410 3.93470 1.37970          
3.27040 1.48190 1.37970 3.78140 3.16820 3.73030 1.99290 3.73030 1.53300          
3.73030 1.53300 3.98580 2.04400 3.73030 1.58410 1.73740 3.98580 1.37970          
1.53300 3.83250 1.37970 3.98580 1.58410 3.73030 2.04400 3.73030 1.53300          
3.73030 1.53300 3.98580 2.04400 3.73030 1.43080 3.73030 3.98580 0.00000          