1.02 0.405 0.45 0.795 0.45 0.405 0.915 0.705 0
0.45 0.45 1.095 0.465 0.915 0.45 0.585 0.405 0
0.96 0.405 0.405 0.585 0.66 0.45 0.855 1.095 0.405
0.45 0.45 1.095 0.45 0.915 0.45 0.645 0.495 0.42
1.095 0.405 0.405 0.6 0.54 0.45 0.93 1.095 0.405
0.45 0.45 0.945 0.45 0.48 0.45 1.095 0.465 0
0.45 0.405 1.095 0.45 0.45 0.405 1.035 0.45 0.405
0.45 0.405 1.08 0.45 0.45 0.405 0.915 0.615 0.405
0.45 0.405 0.915 0.585 0.48 0.405 0.915 0.975 0.405
0.45 0.45 0.945 0.51 0.45 0.45 0.945 0.45 0
0.915 0.555 0.45 0.915 0.66 0.45 0.915 0.72 0.405
0.93 0.45 1.08 0.405 0.66 0.405 0.465 1.17 0.405
0.45 0.45 1.125 0.45 0.915 0.57 0.45 0.915 0.435
0.555 0.45 0.915 1.02 0.45 0.915 1.095 0.405 0
1.08 0.45 0.915 1.08 0.915 1.095 0.465 1.155 0.405
0.45 1.05 0.405 1.17 0.525 0.585 1.05 0.9 0.405
0.45 0.915 1.08 0.6 1.095 0.45 0.78 0.405 0.405
1.035 0.45 0.6 1.095 0.915 1.095 0.465 1.155 0.405
0.96 0.435 0.405 1.11 0.93 1.095 0.585 1.095 0.45
1.095 0.45 1.17 0.6 1.095 0.465 0.51 1.17 0.405
0.45 1.125 0.405 1.17 0.465 1.095 0.6 1.095 0.45
1.095 0.45 1.17 0.6 1.095 0.42 1.095 1.17 0 