0.308029603958 0.314889812469 0.364209032059 0.485919761658 0.332052183151 0.343532562256 0.443399190903 0.609734582901 0.128105401993
0.175784015656 0.193742609024 0.200011396408 0.258753204346 0.173041772842 0.191301584244 0.211995220184 0.291713809967 0.128105401993
0.184989595413 0.189436817169 0.19482421875 0.249393558502 0.189231014252 0.211138629913 0.218749570847 0.295822572708 0.128105401993
0.186665821075 0.191146993637 0.199145364761 0.242210388184 0.175023174286 0.193929386139 0.215898799896 0.284659433365 0.127271175385
0.189965629578 0.190928792953 0.19484796524 0.248624610901 0.18859500885 0.198966789246 0.225759363174 0.302344989777 0.123207616806
0.135465192795 0.136357593536 0.140025997162 0.168225002289 0.133830404282 0.154053211212 0.142199420929 0.188257598877 0.08316822052
0.139513778687 0.16066699028 0.142225790024 0.157978200912 0.128833007812 0.15573759079 0.137416410446 0.162254810333 0.08316822052
0.134086608887 0.132039022446 0.132911777496 0.144716215134 0.132579612732 0.141721630096 0.131395816803 0.142583608627 0.0876873970032
0.13670539856 0.142823600769 0.139397621155 0.144872236252 0.131859207153 0.145438814163 0.133234977722 0.156138801575 0.0795945644379
0.115232801437 0.130163002014 0.126882839203 0.141086196899 0.116613006592 0.133955812454 0.116965389252 0.144800615311 0.0762333869934
0.151138591766 0.145029592514 0.157240009308 0.150576400757 0.137335634232 0.138235378265 0.150204610825 0.173297166824 0.0762333869934
0.141351795197 0.147320556641 0.144454193115 0.173836612701 0.146040010452 0.161476993561 0.162929964066 0.159876394272 0.0729579925537
0.135886192322 0.151059579849 0.1583111763 0.167599010468 0.154854393005 0.149583816528 0.175109577179 0.183356618881 0.0748125553131
0.154573011398 0.144612836838 0.157967805862 0.162860012054 0.148723983765 0.1477394104 0.150184631348 0.174101209641 0.0762333869934
0.160646820068 0.16720995903 0.173842382431 0.194547176361 0.144287586212 0.167832231522 0.171669006348 0.215660381317 0.0942719936371
0.176967811584 0.163703775406 0.164902973175 0.20879483223 0.142742395401 0.162543201447 0.16718120575 0.195425415039 0.0760412216187
0.164458179474 0.177045440674 0.181495809555 0.205090761185 0.162522792816 0.184384202957 0.182169818878 0.205669784546 0.0795097827911
0.13992638588 0.15940861702 0.154850006104 0.175606775284 0.146246814728 0.146869373322 0.16088142395 0.195290756226 0.0762333869934
0.137844991684 0.151870203018 0.166917991638 0.241264390945 0.149181175232 0.149185991287 0.169319009781 0.2523458004 0.0739340305328
0.148648834229 0.137876176834 0.18560256958 0.238272380829 0.142746591568 0.15412902832 0.18339600563 0.254551410675 0.075393819809
0.147816419601 0.141253995895 0.177629184723 0.240023803711 0.137655210495 0.149535369873 0.180572366714 0.238111019135 0.0750440120697
0.160803413391 0.147911214828 0.176323795319 0.26218380928 0.151500034332 0.15572180748 0.186639213562 0.26799621582 0.0762333869934
