38.3596510887 42.1254198551 51.333425045 70.1919960976 52.1117038727 54.0368881226 76.8740541935 89.1293480396 0.115197896957
10.8569340706 13.5964200497 27.39366889 34.087608099 27.5999920368 22.8423519135 34.3438010216 43.7086658478 0.0923640727997
19.2995929718 38.9462502003 37.5702810287 43.5689120293 36.2801430225 42.1422128677 51.6206519604 71.0033290386 0.0545728206635
33.5427360535 35.8643908501 33.9536671638 48.9874820709 29.8835651875 42.099214077 47.9306490421 71.0499491692 0.0734739303589
20.6070330143 34.7813768387 39.8119568825 46.8899519444 38.8756670952 42.0205199718 50.620249033 70.4614930153 0.0770201683044
17.866132021 15.2491278648 23.4462630749 24.169836998 20.6639871597 26.8133101463 26.2138440609 32.674423933 0.0711328983307
4.91044688225 0.428280115128 24.1875398159 23.134226799 21.1038761139 0.831927061081 38.0355670452 47.8959851265 0.0542321205139
14.2236800194 0.499391078949 24.6004321575 35.8526041508 29.2098479271 0.874377965927 38.8215048313 46.5837848186 0.0551910400391
11.5987029076 0.465584039688 25.8677740097 34.5227489471 23.6629459858 0.912786960602 39.7162389755 45.223747015 0.0515840053558
9.20894193649 0.203549861908 21.5247077942 25.4241418839 13.2805941105 0.326250076294 20.1289269924 22.9269709587 0.0462560653687
0.313112974167 0.272541046143 21.1867251396 21.7470569611 0.543877124786 0.496551990509 22.5790588856 31.9690139294 0.0444669723511
0.313691139221 0.265991926193 9.06178712845 25.8673930168 0.620470046997 0.477378129959 15.1126060486 30.5229821205 0.0418720245361
0.320790052414 0.268238067627 16.4759750366 31.2622067928 0.529130935669 0.469778060913 24.8134729862 29.1185700893 0.0617411136627
0.348027944565 0.421554088593 16.4288470745 28.784763813 0.642225980759 0.745170116425 25.9238939285 28.6316759586 0.0673789978027
0.597606897354 0.471394062042 24.5521011353 32.9617140293 0.833920955658 0.930573940277 29.5564119816 43.6311500072 0.0485548973083
0.599720001221 0.552316904068 21.6687991619 23.9373028278 1.11884593964 1.00999093056 26.6847159863 39.4297981262 0.0440638065338
0.474686861038 0.623779773712 26.0530719757 30.5513079166 1.154047966 1.02876591682 27.9912641048 41.1375520229 0.0553469657898
0.734691143036 0.32345700264 10.276432991 15.0784289837 1.49371194839 0.490123987198 15.3849210739 20.5900659561 0.0584349632263
1.52578997612 0.298099994659 13.2791490555 22.6603739262 1.75527215004 0.472879171371 17.0665390491 32.59176898 0.0482909679413
0.78387093544 0.389075040817 11.7163832188 16.7457919121 1.05013084412 0.629515886307 33.1308920383 31.1253089905 0.0533339977264
1.64701008797 0.27540397644 16.9233820438 28.8188238144 2.69158411026 0.473656177521 15.5393719673 30.6988680363 0.0524230003357
5.33596396446 2.33723497391 26.811784029 22.954005003 14.5961740017 1.31932902336 20.3780760765 28.1845390797 0.0492448806763
